1.257091e-05 0.000000e+00 0.000000e+00 
1.933911e-05 0.000000e+00 0.000000e+00 
2.287542e-05 0.000000e+00 0.000000e+00 
2.572335e-05 0.000000e+00 0.000000e+00 
2.865874e-05 0.000000e+00 0.000000e+00 
3.144202e-05 0.000000e+00 0.000000e+00 
3.427742e-05 0.000000e+00 0.000000e+00 
3.724663e-05 0.000000e+00 0.000000e+00 
4.025106e-05 0.000000e+00 0.000000e+00 
4.329043e-05 0.000000e+00 0.000000e+00 
4.645537e-05 0.000000e+00 0.000000e+00 
4.965909e-05 0.000000e+00 0.000000e+00 
5.286665e-05 0.000000e+00 0.000000e+00 
5.615034e-05 0.000000e+00 0.000000e+00 
5.954077e-05 0.000000e+00 0.000000e+00 
6.296694e-05 0.000000e+00 0.000000e+00 
6.650231e-05 0.000000e+00 0.000000e+00 
7.014108e-05 0.000000e+00 0.000000e+00 
7.380798e-05 0.000000e+00 0.000000e+00 
7.753370e-05 0.000000e+00 0.000000e+00 
8.130744e-05 0.000000e+00 0.000000e+00 
8.506794e-05 0.000000e+00 0.000000e+00 
8.887714e-05 0.000000e+00 0.000000e+00 
9.277245e-05 0.000000e+00 0.000000e+00 
9.665322e-05 0.000000e+00 0.000000e+00 
1.005760e-04 0.000000e+00 0.000000e+00 
1.045766e-04 0.000000e+00 0.000000e+00 
1.086082e-04 0.000000e+00 0.000000e+00 
1.126658e-04 0.000000e+00 0.000000e+00 
1.167871e-04 0.000000e+00 0.000000e+00 
1.209615e-04 0.000000e+00 0.000000e+00 
1.251801e-04 0.000000e+00 0.000000e+00 
1.294343e-04 0.000000e+00 0.000000e+00 
1.337322e-04 0.000000e+00 0.000000e+00 
1.380931e-04 0.000000e+00 0.000000e+00 
1.425058e-04 0.000000e+00 0.000000e+00 
1.469553e-04 0.000000e+00 0.000000e+00 
1.514607e-04 0.000000e+00 0.000000e+00 
1.560275e-04 0.000000e+00 0.000000e+00 
1.606541e-04 0.000000e+00 0.000000e+00 
1.653211e-04 0.000000e+00 0.000000e+00 
1.700357e-04 0.000000e+00 0.000000e+00 
1.748051e-04 0.000000e+00 0.000000e+00 
1.796337e-04 0.000000e+00 0.000000e+00 
1.845208e-04 0.000000e+00 0.000000e+00 
1.894561e-04 0.000000e+00 0.000000e+00 
1.944364e-04 0.000000e+00 0.000000e+00 
1.994662e-04 0.000000e+00 0.000000e+00 
2.045328e-04 0.000000e+00 0.000000e+00 
2.096388e-04 0.000000e+00 0.000000e+00 
2.147947e-04 0.000000e+00 0.000000e+00 
2.200070e-04 0.000000e+00 0.000000e+00 
2.252643e-04 0.000000e+00 0.000000e+00 
2.305712e-04 0.000000e+00 0.000000e+00 
2.359014e-04 0.000000e+00 0.000000e+00 
2.412633e-04 0.000000e+00 0.000000e+00 
2.466573e-04 0.000000e+00 0.000000e+00 
2.520896e-04 0.000000e+00 0.000000e+00 
2.575403e-04 0.000000e+00 0.000000e+00 
2.630265e-04 0.000000e+00 0.000000e+00 
2.685568e-04 0.000000e+00 0.000000e+00 
2.741302e-04 0.000000e+00 0.000000e+00 
2.797160e-04 0.000000e+00 0.000000e+00 
2.853311e-04 0.000000e+00 0.000000e+00 
2.909908e-04 0.000000e+00 0.000000e+00 
2.966986e-04 0.000000e+00 0.000000e+00 
3.024166e-04 0.000000e+00 0.000000e+00 
3.081649e-04 0.000000e+00 0.000000e+00 
3.139522e-04 0.000000e+00 0.000000e+00 
3.197887e-04 0.000000e+00 0.000000e+00 
3.256598e-04 0.000000e+00 0.000000e+00 
3.315481e-04 0.000000e+00 0.000000e+00 
3.374743e-04 0.000000e+00 0.000000e+00 
3.434494e-04 0.000000e+00 0.000000e+00 
3.494814e-04 0.000000e+00 0.000000e+00 
3.555469e-04 0.000000e+00 0.000000e+00 
3.616266e-04 0.000000e+00 0.000000e+00 
3.677489e-04 0.000000e+00 0.000000e+00 
3.739071e-04 0.000000e+00 0.000000e+00 
3.801312e-04 0.000000e+00 0.000000e+00 
3.864121e-04 0.000000e+00 0.000000e+00 
3.927094e-04 0.000000e+00 0.000000e+00 
3.990504e-04 0.000000e+00 0.000000e+00 
4.054407e-04 0.000000e+00 0.000000e+00 
4.118776e-04 0.000000e+00 0.000000e+00 
4.183800e-04 0.000000e+00 0.000000e+00 
4.249125e-04 0.000000e+00 0.000000e+00 
4.314902e-04 0.000000e+00 0.000000e+00 
4.381147e-04 0.000000e+00 0.000000e+00 
4.447958e-04 0.000000e+00 0.000000e+00 
4.515213e-04 0.000000e+00 0.000000e+00 
4.582976e-04 0.000000e+00 0.000000e+00 
4.650941e-04 0.000000e+00 0.000000e+00 
4.719196e-04 0.000000e+00 0.000000e+00 
4.787743e-04 0.000000e+00 0.000000e+00 
4.856604e-04 0.000000e+00 0.000000e+00 
4.925883e-04 0.000000e+00 0.000000e+00 
4.995518e-04 0.000000e+00 0.000000e+00 
5.065171e-04 0.000000e+00 0.000000e+00 
5.135114e-04 0.000000e+00 0.000000e+00 
5.205527e-04 0.000000e+00 0.000000e+00 
5.276459e-04 0.000000e+00 0.000000e+00 
5.347789e-04 0.000000e+00 0.000000e+00 
5.419730e-04 0.000000e+00 0.000000e+00 
5.491799e-04 0.000000e+00 0.000000e+00 
5.564296e-04 0.000000e+00 0.000000e+00 
5.637450e-04 0.000000e+00 0.000000e+00 
5.711245e-04 0.000000e+00 0.000000e+00 
5.785652e-04 0.000000e+00 0.000000e+00 
5.860887e-04 0.000000e+00 0.000000e+00 
5.936309e-04 0.000000e+00 0.000000e+00 
6.012113e-04 0.000000e+00 0.000000e+00 
6.088433e-04 0.000000e+00 0.000000e+00 
6.165431e-04 0.000000e+00 0.000000e+00 
6.243193e-04 0.000000e+00 0.000000e+00 
6.321601e-04 0.000000e+00 0.000000e+00 
6.400777e-04 0.000000e+00 0.000000e+00 
6.480385e-04 0.000000e+00 0.000000e+00 
6.560283e-04 0.000000e+00 0.000000e+00 
6.640725e-04 1.562500e-02 0.000000e+00 
6.721638e-04 1.562500e-01 0.000000e+00 
6.803173e-04 1.085938e+00 0.000000e+00 
6.885497e-04 7.390625e+00 0.000000e+00 
6.968744e-04 5.289062e+01 0.000000e+00 
7.052840e-04 3.901562e+02 0.000000e+00 
7.137645e-04 2.453633e+03 0.000000e+00 
7.222799e-04 1.537280e+04 0.000000e+00 
7.308447e-04 8.666988e+04 0.000000e+00 
7.394755e-04 2.868685e+05 0.000000e+00 
7.481791e-04 7.142536e+05 0.000000e+00 
7.569644e-04 1.155872e+06 0.000000e+00 
7.658293e-04 1.414133e+06 0.000000e+00 
7.747758e-04 1.493284e+06 0.000000e+00 
7.838162e-04 1.493090e+06 0.000000e+00 
7.929226e-04 1.475114e+06 0.000000e+00 
8.020793e-04 1.432666e+06 0.000000e+00 
8.112993e-04 1.356048e+06 0.000000e+00 
8.205878e-04 1.251243e+06 0.000000e+00 
8.299545e-04 1.142034e+06 0.000000e+00 
8.394119e-04 1.058130e+06 0.000000e+00 
8.489727e-04 9.868238e+05 0.000000e+00 
8.586215e-04 9.213271e+05 0.000000e+00 
8.683761e-04 8.601899e+05 0.000000e+00 
8.782289e-04 8.034186e+05 0.000000e+00 
8.881734e-04 7.512001e+05 0.000000e+00 
8.982248e-04 7.035197e+05 0.000000e+00 
9.083727e-04 6.605314e+05 0.000000e+00 
9.185939e-04 6.224536e+05 0.000000e+00 
9.288868e-04 5.893592e+05 0.000000e+00 
9.392604e-04 5.611716e+05 0.000000e+00 
9.497257e-04 5.376471e+05 0.000000e+00 
9.602859e-04 5.182699e+05 0.000000e+00 
9.709114e-04 5.022658e+05 0.000000e+00 
9.816198e-04 4.885909e+05 0.000000e+00 
9.924242e-04 4.762704e+05 0.000000e+00 
1.003333e-03 4.644605e+05 0.000000e+00 
1.014341e-03 4.528055e+05 0.000000e+00 
1.025452e-03 4.410581e+05 0.000000e+00 
1.036675e-03 4.292217e+05 0.000000e+00 
1.047993e-03 4.171680e+05 0.000000e+00 
1.059411e-03 4.047896e+05 0.000000e+00 
1.070914e-03 3.918797e+05 0.000000e+00 
1.082494e-03 3.781596e+05 0.000000e+00 
1.094153e-03 3.632166e+05 0.000000e+00 
1.105891e-03 3.463861e+05 0.000000e+00 
1.117689e-03 3.266108e+05 0.000000e+00 
1.129556e-03 3.018637e+05 0.000000e+00 
1.141499e-03 2.743189e+05 0.000000e+00 
1.153516e-03 2.495077e+05 0.000000e+00 
1.165611e-03 2.293984e+05 0.000000e+00 
1.177777e-03 2.128035e+05 0.000000e+00 
1.190009e-03 1.991683e+05 0.000000e+00 
1.202315e-03 1.881256e+05 0.000000e+00 
1.214692e-03 1.793502e+05 0.000000e+00 
1.226868e-03 1.726516e+05 0.000000e+00 
1.238801e-03 1.675737e+05 0.000000e+00 
1.250506e-03 1.636215e+05 0.000000e+00 
1.261948e-03 1.603715e+05 0.000000e+00 
1.273188e-03 1.574967e+05 0.000000e+00 
1.284233e-03 1.547848e+05 0.000000e+00 
1.295067e-03 1.520995e+05 0.000000e+00 
1.305741e-03 1.493751e+05 0.000000e+00 
1.316297e-03 1.465758e+05 0.000000e+00 
1.326758e-03 1.437094e+05 0.000000e+00 
1.337082e-03 1.407345e+05 0.000000e+00 
1.347304e-03 1.376008e+05 0.000000e+00 
1.357449e-03 1.342452e+05 0.000000e+00 
1.367532e-03 1.306361e+05 0.000000e+00 
1.377562e-03 1.267305e+05 0.000000e+00 
1.387544e-03 1.224976e+05 0.000000e+00 
1.397352e-03 1.179632e+05 0.000000e+00 
1.407187e-03 1.130121e+05 0.000000e+00 
1.416667e-03 1.077823e+05 0.000000e+00 
1.426078e-03 1.020077e+05 0.000000e+00 
1.435360e-03 9.596377e+04 0.000000e+00 
1.444671e-03 8.977600e+04 0.000000e+00 
1.454145e-03 8.383695e+04 0.000000e+00 
1.463357e-03 7.846528e+04 0.000000e+00 
1.472651e-03 7.340950e+04 0.000000e+00 
1.481662e-03 6.878523e+04 0.000000e+00 
1.490736e-03 6.440714e+04 0.000000e+00 
1.499878e-03 6.026688e+04 0.000000e+00 
1.508998e-03 5.638566e+04 0.000000e+00 
1.518059e-03 5.275816e+04 0.000000e+00 
1.526941e-03 4.940162e+04 0.000000e+00 
1.535936e-03 4.618711e+04 0.000000e+00 
1.544890e-03 4.315850e+04 0.000000e+00 
1.553873e-03 4.027853e+04 0.000000e+00 
1.562890e-03 3.753591e+04 0.000000e+00 
1.571745e-03 3.497617e+04 0.000000e+00 
1.580650e-03 3.252514e+04 0.000000e+00 
1.589459e-03 3.021344e+04 0.000000e+00 
1.598447e-03 2.796112e+04 0.000000e+00 
1.607395e-03 2.581852e+04 0.000000e+00 
1.616243e-03 2.379073e+04 0.000000e+00 
1.625145e-03 2.183482e+04 0.000000e+00 
1.634015e-03 1.996434e+04 0.000000e+00 
1.642843e-03 1.817494e+04 0.000000e+00 
1.651646e-03 1.645770e+04 0.000000e+00 
1.660443e-03 1.480431e+04 0.000000e+00 
1.669203e-03 1.321597e+04 0.000000e+00 
1.677934e-03 1.168702e+04 0.000000e+00 
1.686652e-03 1.021100e+04 0.000000e+00 
1.695356e-03 8.784695e+03 0.000000e+00 
1.704027e-03 7.408109e+03 0.000000e+00 
1.712680e-03 6.075883e+03 0.000000e+00 
1.721330e-03 4.783188e+03 0.000000e+00 
1.729954e-03 3.531031e+03 0.000000e+00 
1.738560e-03 2.316203e+03 0.000000e+00 
1.747158e-03 1.135117e+03 0.000000e+00 
1.755751e-03 -1.425000e+01 0.000000e+00 
1.764321e-03 -1.131031e+03 0.000000e+00 
1.772880e-03 -2.218219e+03 0.000000e+00 
1.781437e-03 -3.278359e+03 0.000000e+00 
1.789983e-03 -4.311297e+03 0.000000e+00 
1.798515e-03 -5.317695e+03 0.000000e+00 
1.807041e-03 -6.299641e+03 0.000000e+00 
1.815571e-03 -7.258906e+03 0.000000e+00 
1.824086e-03 -8.194242e+03 0.000000e+00 
1.832593e-03 -9.107203e+03 0.000000e+00 
1.841098e-03 -9.999258e+03 0.000000e+00 
1.849604e-03 -1.087130e+04 0.000000e+00 
1.858099e-03 -1.172271e+04 0.000000e+00 
1.866589e-03 -1.255488e+04 0.000000e+00 
1.875081e-03 -1.336892e+04 0.000000e+00 
1.883569e-03 -1.416503e+04 0.000000e+00 
1.892051e-03 -1.494330e+04 0.000000e+00 
1.900528e-03 -1.570470e+04 0.000000e+00 
1.909008e-03 -1.645012e+04 0.000000e+00 
1.917482e-03 -1.717948e+04 0.000000e+00 
1.925950e-03 -1.789309e+04 0.000000e+00 
1.934416e-03 -1.859188e+04 0.000000e+00 
1.942886e-03 -1.927650e+04 0.000000e+00 
1.951347e-03 -1.994641e+04 0.000000e+00 
1.959806e-03 -2.060255e+04 0.000000e+00 
1.968272e-03 -2.124569e+04 0.000000e+00 
1.976732e-03 -2.187502e+04 0.000000e+00 
1.985190e-03 -2.249117e+04 0.000000e+00 
1.993654e-03 -2.309477e+04 0.000000e+00 
2.002116e-03 -2.368552e+04 0.000000e+00 
2.010576e-03 -2.426426e+04 0.000000e+00 
2.019042e-03 -2.483246e+04 0.000000e+00 
2.027508e-03 -2.539202e+04 0.000000e+00 
2.035974e-03 -2.594572e+04 0.000000e+00 
2.044440e-03 -2.649668e+04 0.000000e+00 
2.052884e-03 -2.704686e+04 0.000000e+00 
2.061343e-03 -2.760220e+04 0.000000e+00 
2.069817e-03 -2.815959e+04 0.000000e+00 
2.078240e-03 -2.870874e+04 0.000000e+00 
2.086680e-03 -2.923005e+04 0.000000e+00 
2.095139e-03 -2.971205e+04 0.000000e+00 
2.103562e-03 -3.014708e+04 0.000000e+00 
2.111993e-03 -3.052210e+04 7.812500e-03 
2.120445e-03 -3.085936e+04 2.343750e-02 
2.128900e-03 -3.112015e+04 4.687500e-02 
2.137338e-03 -3.127827e+04 1.015625e-01 
2.145793e-03 -3.128820e+04 1.562500e-01 
2.154267e-03 -3.103487e+04 2.812500e-01 
2.162710e-03 -3.038959e+04 4.843750e-01 
2.171169e-03 -2.923872e+04 8.437500e-01 
2.179648e-03 -2.743565e+04 1.453125e+00 
2.188117e-03 -2.473904e+04 2.492188e+00 
2.196588e-03 -2.079809e+04 4.242188e+00 
2.205077e-03 -1.531160e+04 7.210938e+00 
2.213532e-03 -7.134039e+03 1.219531e+01 
2.221876e-03 3.525312e+03 2.042969e+01 
2.230186e-03 1.607390e+04 3.398438e+01 
2.238544e-03 2.947503e+04 5.644531e+01 
2.246955e-03 4.246833e+04 9.362500e+01 
2.255403e-03 5.291897e+04 1.549766e+02 
2.263872e-03 6.075547e+04 2.552188e+02 
2.272354e-03 6.629711e+04 4.176406e+02 
2.280848e-03 7.004797e+04 6.810625e+02 
2.289360e-03 7.245284e+04 1.105602e+03 
2.297870e-03 7.392867e+04 1.783836e+03 
2.306380e-03 7.477427e+04 2.849914e+03 
2.314890e-03 7.493673e+04 4.522766e+03 
2.323404e-03 7.462850e+04 7.173906e+03 
2.331917e-03 7.398152e+04 1.123487e+04 
2.340426e-03 7.317362e+04 1.733911e+04 
2.348933e-03 7.225191e+04 2.609195e+04 
2.357438e-03 7.123930e+04 3.842238e+04 
2.365945e-03 7.020758e+04 5.689284e+04 
2.374455e-03 6.918177e+04 8.051948e+04 
2.382971e-03 6.819698e+04 1.102950e+05 
2.391495e-03 6.722581e+04 1.446057e+05 
2.400030e-03 6.625138e+04 1.811672e+05 
2.408576e-03 6.526817e+04 2.181825e+05 
2.417137e-03 6.427703e+04 2.497655e+05 
2.425712e-03 6.328002e+04 2.750591e+05 
2.434305e-03 6.227647e+04 2.942381e+05 
2.442915e-03 6.126591e+04 3.076969e+05 
2.451546e-03 6.024884e+04 3.167698e+05 
2.460196e-03 5.922578e+04 3.224735e+05 
2.468868e-03 5.819758e+04 3.258299e+05 
2.477563e-03 5.716562e+04 3.273864e+05 
2.486283e-03 5.613180e+04 3.278379e+05 
2.495040e-03 5.509680e+04 3.275466e+05 
2.503852e-03 5.406055e+04 3.267898e+05 
2.512678e-03 5.302942e+04 3.255319e+05 
2.521508e-03 5.200634e+04 3.235340e+05 
2.530346e-03 5.099284e+04 3.209015e+05 
2.539204e-03 4.998997e+04 3.176679e+05 
2.548103e-03 4.899636e+04 3.135044e+05 
2.557060e-03 4.801086e+04 3.084488e+05 
2.566091e-03 4.703134e+04 3.024878e+05 
2.575216e-03 4.605648e+04 2.956767e+05 
2.584360e-03 4.509553e+04 2.883968e+05 
2.593526e-03 4.414839e+04 2.809156e+05 
2.602717e-03 4.321450e+04 2.739332e+05 
2.611941e-03 4.229258e+04 2.676200e+05 
2.621189e-03 4.137909e+04 2.618674e+05 
2.630463e-03 4.047744e+04 2.565632e+05 
2.639767e-03 3.958736e+04 2.515961e+05 
2.649101e-03 3.870784e+04 2.469066e+05 
2.658468e-03 3.783566e+04 2.424204e+05 
2.667867e-03 3.696966e+04 2.380883e+05 
2.677298e-03 3.610814e+04 2.338914e+05 
2.686763e-03 3.525581e+04 2.298097e+05 
2.696261e-03 3.441230e+04 2.258291e+05 
2.705795e-03 3.357555e+04 2.219374e+05 
2.715434e-03 3.274264e+04 2.180994e+05 
2.725149e-03 3.190916e+04 2.143220e+05 
2.734950e-03 3.106877e+04 2.105971e+05 
2.744898e-03 3.020942e+04 2.069015e+05 
2.754917e-03 2.933610e+04 2.032648e+05 
2.764970e-03 2.845117e+04 1.997008e+05 
2.775069e-03 2.755354e+04 1.962078e+05 
2.785223e-03 2.664266e+04 1.927858e+05 
2.795427e-03 2.571942e+04 1.894408e+05 
2.805671e-03 2.478772e+04 1.861786e+05 
2.815964e-03 2.384965e+04 1.829979e+05 
2.826352e-03 2.290312e+04 1.798837e+05 
2.836841e-03 2.194930e+04 1.768327e+05 
2.847310e-03 2.100263e+04 1.738760e+05 
2.857735e-03 2.006498e+04 1.709987e+05 
2.868124e-03 1.913413e+04 1.681748e+05 
2.878480e-03 1.820867e+04 1.653852e+05 
2.888809e-03 1.728802e+04 1.626019e+05 
2.899114e-03 1.637248e+04 1.598131e+05 
2.909396e-03 1.546252e+04 1.569869e+05 
2.919657e-03 1.455916e+04 1.540891e+05 
2.929895e-03 1.366346e+04 1.511137e+05 
2.940113e-03 1.277635e+04 1.480755e+05 
2.950314e-03 1.189840e+04 1.450089e+05 
2.960501e-03 1.102998e+04 1.419971e+05 
2.970680e-03 1.017095e+04 1.390972e+05 
2.980852e-03 9.321930e+03 1.363666e+05 
2.991012e-03 8.483250e+03 1.338617e+05 
3.001160e-03 7.654195e+03 1.317574e+05 
3.011295e-03 6.834312e+03 1.301081e+05 
3.021423e-03 6.022836e+03 1.289523e+05 
3.031546e-03 5.219000e+03 1.284017e+05 
3.041672e-03 4.421547e+03 1.283278e+05 
3.051806e-03 3.630219e+03 1.287993e+05 
3.061953e-03 2.844828e+03 1.300320e+05 
3.072113e-03 2.065438e+03 1.323360e+05 
3.082284e-03 1.292195e+03 1.363071e+05 
3.092470e-03 5.254922e+02 1.426673e+05 
3.102675e-03 -2.349375e+02 1.521988e+05 
3.112901e-03 -9.897422e+02 1.663922e+05 
3.123154e-03 -1.739242e+03 1.868335e+05 
3.133438e-03 -2.483898e+03 2.120963e+05 
3.143756e-03 -3.224234e+03 2.401592e+05 
3.154119e-03 -3.961023e+03 2.684291e+05 
3.164520e-03 -4.693758e+03 2.920871e+05 
3.174958e-03 -5.422086e+03 3.098280e+05 
3.185436e-03 -6.145625e+03 3.219932e+05 
3.195957e-03 -6.863930e+03 3.296378e+05 
3.206523e-03 -7.576906e+03 3.340100e+05 
3.217126e-03 -8.283516e+03 3.360206e+05 
3.227749e-03 -8.982375e+03 3.365181e+05 
3.238393e-03 -9.673445e+03 3.356605e+05 
3.249062e-03 -1.035688e+04 3.340834e+05 
3.259756e-03 -1.103273e+04 3.316247e+05 
3.270477e-03 -1.170127e+04 3.280975e+05 
3.281226e-03 -1.236277e+04 3.235266e+05 
3.292006e-03 -1.301757e+04 3.177358e+05 
3.302816e-03 -1.366598e+04 3.105872e+05 
3.313659e-03 -1.430832e+04 3.024635e+05 
3.324535e-03 -1.494477e+04 2.938189e+05 
3.335445e-03 -1.557543e+04 2.852650e+05 
3.346389e-03 -1.620041e+04 2.774499e+05 
3.357367e-03 -1.681967e+04 2.703637e+05 
3.368378e-03 -1.743315e+04 2.639070e+05 
3.379420e-03 -1.804068e+04 2.578979e+05 
3.390490e-03 -1.864193e+04 2.521591e+05 
3.401587e-03 -1.923649e+04 2.467181e+05 
3.412708e-03 -1.982404e+04 2.414868e+05 
3.423853e-03 -2.040434e+04 2.364355e+05 
3.435019e-03 -2.097727e+04 2.315406e+05 
3.446209e-03 -2.154276e+04 2.267904e+05 
3.457411e-03 -2.210039e+04 2.221718e+05 
3.468594e-03 -2.264866e+04 2.176848e+05 
3.479760e-03 -2.318783e+04 2.133178e+05 
3.490910e-03 -2.371812e+04 2.090612e+05 
3.502048e-03 -2.423990e+04 2.049026e+05 
3.513180e-03 -2.475371e+04 2.008352e+05 
3.524312e-03 -2.526016e+04 1.968546e+05 
3.535449e-03 -2.575972e+04 1.929602e+05 
3.546592e-03 -2.625262e+04 1.891502e+05 
3.557744e-03 -2.673914e+04 1.854144e+05 
3.568906e-03 -2.721945e+04 1.817417e+05 
3.580085e-03 -2.769396e+04 1.781204e+05 
3.591289e-03 -2.816289e+04 1.745551e+05 
3.602522e-03 -2.862641e+04 1.710391e+05 
3.613789e-03 -2.908480e+04 1.675653e+05 
3.625092e-03 -2.953830e+04 1.641127e+05 
3.636430e-03 -2.998693e+04 1.606512e+05 
3.647805e-03 -3.043074e+04 1.571450e+05 
3.659220e-03 -3.086985e+04 1.535981e+05 
3.670676e-03 -3.130438e+04 1.500028e+05 
3.682177e-03 -3.173388e+04 1.463831e+05 
3.693722e-03 -3.215803e+04 1.428283e+05 
3.705313e-03 -3.257718e+04 1.394867e+05 
3.716953e-03 -3.299155e+04 1.364708e+05 
3.728629e-03 -3.340079e+04 1.338626e+05 
3.740337e-03 -3.380477e+04 1.317223e+05 
3.752071e-03 -3.420323e+04 1.301203e+05 
3.763834e-03 -3.459624e+04 1.291807e+05 
3.775627e-03 -3.498389e+04 1.286754e+05 
3.787453e-03 -3.536913e+04 1.287404e+05 
3.799316e-03 -3.575143e+04 1.295772e+05 
3.811210e-03 -3.613005e+04 1.314296e+05 
3.823134e-03 -3.650451e+04 1.343967e+05 
3.835091e-03 -3.687504e+04 1.385357e+05 
3.847085e-03 -3.724175e+04 1.443115e+05 
3.859119e-03 -3.760461e+04 1.532519e+05 
3.871198e-03 -3.796340e+04 1.656270e+05 
3.883321e-03 -3.831620e+04 1.809442e+05 
3.895492e-03 -3.866199e+04 1.989587e+05 
3.907709e-03 -3.900126e+04 2.196841e+05 
3.919974e-03 -3.933427e+04 2.421203e+05 
3.932284e-03 -3.966134e+04 2.643356e+05 
3.944643e-03 -3.998296e+04 2.831037e+05 
3.957046e-03 -4.029938e+04 2.976462e+05 
3.969489e-03 -4.061064e+04 3.079535e+05 
3.981974e-03 -4.091704e+04 3.144584e+05 
3.994504e-03 -4.121884e+04 3.181296e+05 
4.007079e-03 -4.151672e+04 3.196235e+05 
4.019704e-03 -4.181120e+04 3.199844e+05 
4.032378e-03 -4.210196e+04 3.194291e+05 
4.045105e-03 -4.238864e+04 3.179561e+05 
4.057884e-03 -4.267099e+04 3.155738e+05 
4.070718e-03 -4.294888e+04 3.123085e+05 
4.083609e-03 -4.322222e+04 3.082201e+05 
4.096555e-03 -4.349101e+04 3.032349e+05 
4.109548e-03 -4.375513e+04 2.973167e+05 
4.122586e-03 -4.401476e+04 2.910052e+05 
4.135672e-03 -4.427020e+04 2.845006e+05 
4.148807e-03 -4.452179e+04 2.781754e+05 
4.161991e-03 -4.476989e+04 2.729106e+05 
4.175225e-03 -4.501464e+04 2.690005e+05 
4.188509e-03 -4.525614e+04 2.666420e+05 
4.201844e-03 -4.549488e+04 2.654758e+05 
4.215229e-03 -4.573153e+04 2.650292e+05 
4.228664e-03 -4.596660e+04 2.652530e+05 
4.242147e-03 -4.619920e+04 2.667991e+05 
4.255679e-03 -4.642969e+04 2.699992e+05 
4.269259e-03 -4.666008e+04 2.755477e+05 
4.282878e-03 -4.689364e+04 2.841649e+05 
4.296540e-03 -4.712972e+04 2.946387e+05 
4.310246e-03 -4.735321e+04 3.058971e+05 
4.323995e-03 -4.756490e+04 3.163619e+05 
4.337789e-03 -4.775796e+04 3.243832e+05 
4.351628e-03 -4.791589e+04 3.299661e+05 
4.365514e-03 -4.801671e+04 3.331939e+05 
4.379442e-03 -4.806430e+04 3.346193e+05 
4.393407e-03 -4.804951e+04 3.347393e+05 
4.407410e-03 -4.792211e+04 3.338032e+05 
4.421451e-03 -4.757582e+04 3.319930e+05 
4.435531e-03 -4.684407e+04 3.296114e+05 
4.449651e-03 -4.556353e+04 3.266751e+05 
4.463812e-03 -4.350305e+04 3.230200e+05 
4.478015e-03 -4.036994e+04 3.186906e+05 
4.492261e-03 -3.537682e+04 3.136103e+05 
4.506550e-03 -2.773527e+04 3.079434e+05 
4.520883e-03 -1.767296e+04 3.019534e+05 
4.535261e-03 -5.667164e+03 2.958262e+05 
4.549682e-03 8.363609e+03 2.897369e+05 
4.564145e-03 2.361318e+04 2.837242e+05 
4.578650e-03 3.757908e+04 2.777610e+05 
4.593200e-03 4.816642e+04 2.718435e+05 
4.607794e-03 5.527005e+04 2.659844e+05 
4.622436e-03 5.943991e+04 2.601916e+05 
4.637127e-03 6.177891e+04 2.545245e+05 
4.651872e-03 6.301030e+04 2.489912e+05 
4.666674e-03 6.357312e+04 2.435747e+05 
4.681538e-03 6.381027e+04 2.382674e+05 
4.696474e-03 6.364989e+04 2.330538e+05 
4.711493e-03 6.306445e+04 2.279228e+05 
4.726584e-03 6.229300e+04 2.228759e+05 
4.741758e-03 6.145650e+04 2.179102e+05 
4.757027e-03 6.063041e+04 2.130224e+05 
4.772391e-03 5.980503e+04 2.082100e+05 
4.787854e-03 5.910698e+04 2.034695e+05 
4.803386e-03 5.863777e+04 1.988086e+05 
4.818939e-03 5.851511e+04 1.942401e+05 
4.834427e-03 5.893897e+04 1.897860e+05 
4.849835e-03 5.982552e+04 1.854462e+05 
4.865142e-03 6.092861e+04 1.812214e+05 
4.880348e-03 6.234777e+04 1.771077e+05 
4.895464e-03 6.431969e+04 1.730985e+05 
4.910517e-03 6.720648e+04 1.691837e+05 
4.925534e-03 7.137189e+04 1.653544e+05 
4.940458e-03 7.725497e+04 1.616217e+05 
4.955330e-03 8.541144e+04 1.579742e+05 
4.970185e-03 9.642092e+04 1.544017e+05 
4.985013e-03 1.100414e+05 1.509048e+05 
4.999787e-03 1.243843e+05 1.474875e+05 
5.014542e-03 1.372525e+05 1.441392e+05 
5.029313e-03 1.474159e+05 1.408498e+05 
5.044053e-03 1.548851e+05 1.376282e+05 
5.058764e-03 1.601803e+05 1.344718e+05 
5.073476e-03 1.631849e+05 1.313715e+05 
5.088212e-03 1.648607e+05 1.283210e+05 
5.102929e-03 1.649510e+05 1.253284e+05 
5.117599e-03 1.639471e+05 1.223989e+05 
5.132222e-03 1.620921e+05 1.195320e+05 
5.146814e-03 1.599491e+05 1.167242e+05 
5.161396e-03 1.577415e+05 1.139714e+05 
5.175945e-03 1.556705e+05 1.112771e+05 
5.190445e-03 1.536575e+05 1.086433e+05 
5.204916e-03 1.517123e+05 1.060648e+05 
5.219374e-03 1.497922e+05 1.035375e+05 
5.233831e-03 1.478605e+05 1.010581e+05 
5.248277e-03 1.458780e+05 9.862728e+04 
5.262690e-03 1.438368e+05 9.624716e+04 
5.277096e-03 1.417315e+05 9.391131e+04 
5.291516e-03 1.395405e+05 9.161492e+04 
5.305961e-03 1.372631e+05 8.935534e+04 
5.320441e-03 1.349276e+05 8.713022e+04 
5.334962e-03 1.325715e+05 8.493812e+04 
5.349535e-03 1.302019e+05 8.277689e+04 
5.364159e-03 1.278242e+05 8.064653e+04 
5.378810e-03 1.254642e+05 7.854998e+04 
5.393501e-03 1.231695e+05 7.648517e+04 
5.408249e-03 1.209469e+05 7.444917e+04 
5.423076e-03 1.187839e+05 7.243883e+04 
5.437900e-03 1.166839e+05 7.046470e+04 
5.452644e-03 1.146532e+05 6.853617e+04 
5.467328e-03 1.126876e+05 6.664906e+04 
5.481978e-03 1.107847e+05 6.479917e+04 
5.496572e-03 1.089472e+05 6.298834e+04 
5.511118e-03 1.071716e+05 6.121441e+04 
5.525630e-03 1.054539e+05 5.947452e+04 
5.540117e-03 1.037920e+05 5.776702e+04 
5.554561e-03 1.021868e+05 5.609289e+04 
5.568967e-03 1.006352e+05 5.445064e+04 
5.583335e-03 9.913422e+04 5.283958e+04 
5.597661e-03 9.768136e+04 5.125914e+04 
5.611941e-03 9.627281e+04 4.970923e+04 
5.626176e-03 9.490547e+04 4.818895e+04 
5.640370e-03 9.357447e+04 4.669691e+04 
5.654510e-03 9.227886e+04 4.523350e+04 
5.668595e-03 9.102053e+04 4.379775e+04 
5.682636e-03 8.979844e+04 4.238812e+04 
5.696638e-03 8.861017e+04 4.100314e+04 
5.710602e-03 8.745317e+04 3.964219e+04 
5.724519e-03 8.632523e+04 3.830561e+04 
5.738397e-03 8.522344e+04 3.699214e+04 
5.752238e-03 8.414594e+04 3.570102e+04 
5.766018e-03 8.309292e+04 3.443383e+04 
5.779753e-03 8.206208e+04 3.318873e+04 
5.793458e-03 8.105084e+04 3.196377e+04 
5.807135e-03 8.005903e+04 3.075822e+04 
5.820782e-03 7.908495e+04 2.957186e+04 
5.834401e-03 7.812422e+04 2.840387e+04 
5.847994e-03 7.717522e+04 2.725367e+04 
5.861565e-03 7.623391e+04 2.612048e+04 
5.875120e-03 7.530047e+04 2.500334e+04 
5.888656e-03 7.437664e+04 2.390212e+04 
5.902188e-03 7.346152e+04 2.281516e+04 
5.915755e-03 7.255288e+04 2.173916e+04 
5.929407e-03 7.165494e+04 2.066995e+04 
5.943222e-03 7.077769e+04 1.960154e+04 
5.957182e-03 6.994198e+04 1.853545e+04 
5.971092e-03 6.916906e+04 1.748640e+04 
5.984820e-03 6.847352e+04 1.646390e+04 
5.998362e-03 6.785717e+04 1.546784e+04 
6.011757e-03 6.733330e+04 1.449375e+04 
6.025062e-03 6.691839e+04 1.353628e+04 
6.038256e-03 6.663505e+04 1.259582e+04 
6.051394e-03 6.650352e+04 1.166868e+04 
6.064528e-03 6.655664e+04 1.075075e+04 
6.077687e-03 6.684655e+04 9.836648e+03 
6.090890e-03 6.743950e+04 8.924516e+03 
6.104167e-03 6.842242e+04 8.011711e+03 
6.117518e-03 6.990011e+04 7.097750e+03 
6.130901e-03 7.197584e+04 6.185617e+03 
6.144317e-03 7.480142e+04 5.282336e+03 
6.157772e-03 7.851402e+04 4.401656e+03 
6.171267e-03 8.320575e+04 3.550094e+03 
6.184804e-03 8.910333e+04 2.732453e+03 
6.198384e-03 9.635345e+04 1.954391e+03 
6.212009e-03 1.048230e+05 1.224578e+03 
6.225680e-03 1.140513e+05 5.281953e+02 
6.239405e-03 1.230905e+05 -1.342891e+02 
6.253194e-03 1.307855e+05 -7.475391e+02 
6.267058e-03 1.370812e+05 -1.296938e+03 
6.281011e-03 1.422818e+05 -1.766375e+03 
6.295061e-03 1.464523e+05 -2.113031e+03 
6.309220e-03 1.498840e+05 -2.247781e+03 
6.323508e-03 1.525933e+05 -2.041664e+03 
6.337917e-03 1.546228e+05 -1.350016e+03 
6.352336e-03 1.560081e+05 6.126562e+01 
6.366737e-03 1.567577e+05 2.384898e+03 
6.381133e-03 1.569371e+05 5.720016e+03 
6.395529e-03 1.566198e+05 1.023672e+04 
6.409929e-03 1.559783e+05 1.644367e+04 
6.424342e-03 1.551105e+05 2.498183e+04 
6.438777e-03 1.541227e+05 3.581828e+04 
6.453215e-03 1.530452e+05 4.835712e+04 
6.467681e-03 1.518639e+05 6.182714e+04 
6.482186e-03 1.505456e+05 7.551205e+04 
6.496711e-03 1.490573e+05 8.760536e+04 
6.511266e-03 1.473347e+05 9.740330e+04 
6.525863e-03 1.453847e+05 1.048580e+05 
6.540528e-03 1.432408e+05 1.102168e+05 
6.555298e-03 1.409296e+05 1.137563e+05 
6.570240e-03 1.385275e+05 1.158558e+05 
6.585270e-03 1.361130e+05 1.170041e+05 
6.600391e-03 1.337101e+05 1.173520e+05 
6.615641e-03 1.313269e+05 1.170410e+05 
6.631086e-03 1.290085e+05 1.160972e+05 
6.646666e-03 1.268381e+05 1.146518e+05 
6.662196e-03 1.248140e+05 1.129010e+05 
6.677601e-03 1.229191e+05 1.109718e+05 
6.692937e-03 1.211044e+05 1.091010e+05 
6.708234e-03 1.193495e+05 1.073165e+05 
6.723495e-03 1.176459e+05 1.056601e+05 
6.738731e-03 1.159993e+05 1.041331e+05 
6.753946e-03 1.143925e+05 1.028399e+05 
6.769142e-03 1.128134e+05 1.019130e+05 
6.784355e-03 1.112443e+05 1.015345e+05 
6.799607e-03 1.096709e+05 1.019701e+05 
6.814916e-03 1.080801e+05 1.034553e+05 
6.830303e-03 1.064604e+05 1.060800e+05 
6.845743e-03 1.048115e+05 1.101085e+05 
6.861196e-03 1.031434e+05 1.157980e+05 
6.876698e-03 1.014641e+05 1.240962e+05 
6.892203e-03 9.979420e+04 1.351231e+05 
6.907763e-03 9.812233e+04 1.478261e+05 
6.923418e-03 9.644511e+04 1.608695e+05 
6.939121e-03 9.477030e+04 1.720108e+05 
6.954697e-03 9.312377e+04 1.805479e+05 
6.970159e-03 9.150939e+04 1.866696e+05 
6.985408e-03 8.994020e+04 1.908132e+05 
7.000532e-03 8.841644e+04 1.934852e+05 
7.015274e-03 8.697092e+04 1.951272e+05 
7.029589e-03 8.561144e+04 1.959674e+05 
7.043856e-03 8.430411e+04 1.963213e+05 
7.057723e-03 8.308931e+04 1.964122e+05 
7.071337e-03 8.195030e+04 1.963327e+05 
7.084953e-03 8.087266e+04 1.960574e+05 
7.098286e-03 7.987884e+04 1.955475e+05 
7.111426e-03 7.895555e+04 1.948222e+05 
7.124588e-03 7.807814e+04 1.938490e+05 
7.137612e-03 7.725836e+04 1.925582e+05 
7.150476e-03 7.648338e+04 1.908675e+05 
7.163364e-03 7.572928e+04 1.887835e+05 
7.176301e-03 7.499620e+04 1.864513e+05 
7.189078e-03 7.430278e+04 1.840073e+05 
7.201848e-03 7.364678e+04 1.815993e+05 
7.214700e-03 7.302981e+04 1.793494e+05 
7.227534e-03 7.248991e+04 1.772170e+05 
7.240322e-03 7.203767e+04 1.751874e+05 
7.253141e-03 7.167630e+04 1.732164e+05 
7.266049e-03 7.141195e+04 1.712668e+05 
7.278983e-03 7.125642e+04 1.693641e+05 
7.291909e-03 7.122017e+04 1.674982e+05 
7.304868e-03 7.131459e+04 1.656467e+05 
7.317894e-03 7.155000e+04 1.637884e+05 
7.331017e-03 7.196048e+04 1.619055e+05 
7.344135e-03 7.256562e+04 1.600161e+05 
7.357260e-03 7.337923e+04 1.581292e+05 
7.370424e-03 7.441148e+04 1.562441e+05 
7.383659e-03 7.567222e+04 1.543620e+05 
7.396965e-03 7.728989e+04 1.524772e+05 
7.410260e-03 7.917992e+04 1.505974e+05 
7.423577e-03 8.130845e+04 1.487164e+05 
7.436946e-03 8.359678e+04 1.468298e+05 
7.450391e-03 8.596783e+04 1.449341e+05 
7.463858e-03 8.829633e+04 1.430393e+05 
7.477336e-03 9.037619e+04 1.411463e+05 
7.490856e-03 9.218319e+04 1.392515e+05 
7.504440e-03 9.368909e+04 1.373511e+05 
7.518076e-03 9.486141e+04 1.354481e+05 
7.531716e-03 9.572188e+04 1.335453e+05 
7.545394e-03 9.630855e+04 1.316296e+05 
7.559135e-03 9.666412e+04 1.297021e+05 
7.572928e-03 9.680441e+04 1.277696e+05 
7.586730e-03 9.675500e+04 1.258426e+05 
7.600571e-03 9.652172e+04 1.239214e+05 
7.614477e-03 9.613712e+04 1.220055e+05 
7.628429e-03 9.562672e+04 1.201008e+05 
7.642402e-03 9.500930e+04 1.182100e+05 
7.656417e-03 9.429730e+04 1.163304e+05 
7.670501e-03 9.350061e+04 1.144595e+05 
7.684600e-03 9.262283e+04 1.126069e+05 
7.698726e-03 9.168545e+04 1.107716e+05 
7.712902e-03 9.069442e+04 1.089521e+05 
7.727094e-03 8.966070e+04 1.071531e+05 
7.741299e-03 8.858686e+04 1.053751e+05 
7.755543e-03 8.749386e+04 1.036175e+05 
7.769770e-03 8.639577e+04 1.018864e+05 
7.783994e-03 8.529505e+04 1.001780e+05 
7.798211e-03 8.420298e+04 9.849131e+04 
7.812394e-03 8.312203e+04 9.682797e+04 
7.826558e-03 8.203511e+04 9.518562e+04 
7.840672e-03 8.094653e+04 9.356725e+04 
7.854744e-03 7.986094e+04 9.197144e+04 
7.868801e-03 7.878542e+04 9.039566e+04 
7.882870e-03 7.771794e+04 8.883638e+04 
7.896983e-03 7.666688e+04 8.728994e+04 
7.911136e-03 7.564003e+04 8.575677e+04 
7.925360e-03 7.464422e+04 8.423366e+04 
7.939694e-03 7.368880e+04 8.271608e+04 
7.953904e-03 7.279347e+04 8.122864e+04 
7.967994e-03 7.197097e+04 7.976988e+04 
7.982020e-03 7.118011e+04 7.833367e+04 
7.996019e-03 7.043534e+04 7.691652e+04 
8.010027e-03 6.975144e+04 7.551478e+04 
8.024066e-03 6.914912e+04 7.412600e+04 
8.038110e-03 6.865334e+04 7.275219e+04 
8.052163e-03 6.827189e+04 7.139225e+04 
8.066232e-03 6.800750e+04 7.004453e+04 
8.080310e-03 6.793214e+04 6.870914e+04 
8.094425e-03 6.809495e+04 6.738248e+04 
8.108581e-03 6.857589e+04 6.606367e+04 
8.122776e-03 6.941897e+04 6.475206e+04 
8.137019e-03 7.067359e+04 6.344597e+04 
8.151338e-03 7.234230e+04 6.214212e+04 
8.165763e-03 7.453770e+04 6.083670e+04 
8.180263e-03 7.736441e+04 5.953183e+04 
8.194859e-03 8.074427e+04 5.822567e+04 
8.209500e-03 8.463098e+04 5.692500e+04 
8.224033e-03 8.899508e+04 5.564061e+04 
8.238478e-03 9.377800e+04 5.436994e+04 
8.252817e-03 9.876628e+04 5.311453e+04 
8.267046e-03 1.039462e+05 5.187623e+04 
8.281196e-03 1.094045e+05 5.065522e+04 
8.295299e-03 1.152136e+05 4.945267e+04 
8.309345e-03 1.217281e+05 4.827727e+04 
8.323315e-03 1.290115e+05 4.713512e+04 
8.337234e-03 1.368436e+05 4.602781e+04 
8.351126e-03 1.450129e+05 4.495630e+04 
8.364946e-03 1.531979e+05 4.392833e+04 
8.378681e-03 1.611536e+05 4.294039e+04 
8.392305e-03 1.681132e+05 4.199069e+04 
8.405902e-03 1.740537e+05 4.107077e+04 
8.419414e-03 1.788662e+05 4.018411e+04 
8.432887e-03 1.826135e+05 3.932794e+04 
8.446272e-03 1.854091e+05 3.849706e+04 
8.459614e-03 1.875761e+05 3.768581e+04 
8.472946e-03 1.893448e+05 3.689577e+04 
8.486222e-03 1.907817e+05 3.613261e+04 
8.499454e-03 1.920200e+05 3.539723e+04 
8.512640e-03 1.932132e+05 3.469123e+04 
8.525768e-03 1.945728e+05 3.401825e+04 
8.538813e-03 1.965450e+05 3.339306e+04 
8.551770e-03 1.995021e+05 3.281762e+04 
8.564632e-03 2.040018e+05 3.229402e+04 
8.577413e-03 2.105372e+05 3.182477e+04 
8.590128e-03 2.195137e+05 3.141339e+04 
8.602781e-03 2.324387e+05 3.106375e+04 
8.615359e-03 2.477669e+05 3.078038e+04 
8.627876e-03 2.639899e+05 3.056845e+04 
8.640305e-03 2.795514e+05 3.043489e+04 
8.652670e-03 2.919223e+05 3.038305e+04 
8.665001e-03 3.008731e+05 3.041578e+04 
8.677291e-03 3.067278e+05 3.053572e+04 
8.689529e-03 3.103731e+05 3.074631e+04 
8.701749e-03 3.129762e+05 3.104972e+04 
8.713976e-03 3.140918e+05 3.148812e+04 
8.726224e-03 3.141912e+05 3.207442e+04 
8.738496e-03 3.137648e+05 3.278164e+04 
8.750785e-03 3.132358e+05 3.358778e+04 
8.763110e-03 3.128631e+05 3.447623e+04 
8.775475e-03 3.124332e+05 3.543995e+04 
8.787883e-03 3.121752e+05 3.645986e+04 
8.800340e-03 3.120829e+05 3.751277e+04 
8.812854e-03 3.122326e+05 3.855878e+04 
8.825434e-03 3.126068e+05 3.951819e+04 
8.838082e-03 3.132698e+05 4.037927e+04 
8.850765e-03 3.143806e+05 4.113311e+04 
8.863477e-03 3.162465e+05 4.177733e+04 
8.876188e-03 3.188487e+05 4.230402e+04 
8.888879e-03 3.218002e+05 4.271741e+04 
8.901540e-03 3.242954e+05 4.302422e+04 
8.914184e-03 3.262420e+05 4.323162e+04 
8.926820e-03 3.275171e+05 4.336156e+04 
8.939458e-03 3.281970e+05 4.341311e+04 
8.952083e-03 3.285680e+05 4.339344e+04 
8.964701e-03 3.289969e+05 4.330866e+04 
8.977322e-03 3.290687e+05 4.316458e+04 
8.989953e-03 3.287070e+05 4.296588e+04 
9.002603e-03 3.278700e+05 4.271677e+04 
9.015276e-03 3.265597e+05 4.242084e+04 
9.027981e-03 3.247908e+05 4.207705e+04 
9.040727e-03 3.226404e+05 4.169247e+04 
9.053521e-03 3.200961e+05 4.127241e+04 
9.066366e-03 3.168602e+05 4.082156e+04 
9.079259e-03 3.131300e+05 4.034209e+04 
9.092200e-03 3.090614e+05 3.983802e+04 
9.105192e-03 3.048301e+05 3.930933e+04 
9.118246e-03 3.005586e+05 3.875714e+04 
9.131362e-03 2.964200e+05 3.818680e+04 
9.144540e-03 2.924480e+05 3.760761e+04 
9.157778e-03 2.885546e+05 3.701920e+04 
9.171077e-03 2.846794e+05 3.642034e+04 
9.184420e-03 2.808176e+05 3.581056e+04 
9.197802e-03 2.769809e+05 3.518917e+04 
9.211226e-03 2.732551e+05 3.455284e+04 
9.224691e-03 2.697370e+05 3.390283e+04 
9.238199e-03 2.664351e+05 3.323977e+04 
9.251754e-03 2.633175e+05 3.255016e+04 
9.265359e-03 2.603135e+05 3.183445e+04 
9.279016e-03 2.574036e+05 3.109405e+04 
9.292708e-03 2.545822e+05 3.033152e+04 
9.306436e-03 2.518693e+05 2.954845e+04 
9.320205e-03 2.492463e+05 2.874708e+04 
9.334018e-03 2.466867e+05 2.793105e+04 
9.347875e-03 2.441694e+05 2.710372e+04 
9.361779e-03 2.416650e+05 2.626548e+04 
9.375733e-03 2.391613e+05 2.542169e+04 
9.389739e-03 2.366520e+05 2.457290e+04 
9.403802e-03 2.341235e+05 2.371934e+04 
9.417923e-03 2.315550e+05 2.286077e+04 
9.432105e-03 2.289457e+05 2.199669e+04 
9.446351e-03 2.262913e+05 2.112653e+04 
9.460645e-03 2.235868e+05 2.025149e+04 
9.474986e-03 2.208499e+05 1.936954e+04 
9.489375e-03 2.180933e+05 1.847884e+04 
9.503813e-03 2.153264e+05 1.757888e+04 
9.518296e-03 2.125642e+05 1.666877e+04 
9.532829e-03 2.098319e+05 1.574478e+04 
9.547411e-03 2.071484e+05 1.480879e+04 
9.562048e-03 2.045254e+05 1.386295e+04 
9.576743e-03 2.019674e+05 1.290959e+04 
9.591494e-03 1.994977e+05 1.195184e+04 
9.606304e-03 1.971324e+05 1.098921e+04 
9.621172e-03 1.948720e+05 1.002324e+04 
9.636099e-03 1.927075e+05 9.055352e+03 
9.651086e-03 1.906548e+05 8.085680e+03 
9.666123e-03 1.887150e+05 7.118883e+03 
9.681203e-03 1.868783e+05 6.157195e+03 
9.696328e-03 1.851390e+05 5.201711e+03 
9.711500e-03 1.835146e+05 4.254727e+03 
9.726722e-03 1.819695e+05 3.318102e+03 
9.741994e-03 1.804984e+05 2.393102e+03 
9.757316e-03 1.791334e+05 1.480727e+03 
9.772689e-03 1.778860e+05 5.862109e+02 
9.788116e-03 1.767707e+05 -2.867031e+02 
9.803597e-03 1.758528e+05 -1.133156e+03 
9.819134e-03 1.752087e+05 -1.947852e+03 
9.834727e-03 1.748666e+05 -2.719031e+03 
9.850378e-03 1.748747e+05 -3.444336e+03 
9.866086e-03 1.752552e+05 -4.120141e+03 
9.881853e-03 1.760326e+05 -4.738445e+03 
9.897679e-03 1.773234e+05 -5.283508e+03 
9.913558e-03 1.793311e+05 -5.749375e+03 
9.929486e-03 1.819194e+05 -6.128336e+03 
9.945462e-03 1.849363e+05 -6.407523e+03 
9.961486e-03 1.882612e+05 -6.579469e+03 
9.977558e-03 1.915937e+05 -6.641414e+03 
9.993677e-03 1.945695e+05 -6.618406e+03 
1.000984e-02 1.971968e+05 -6.512719e+03 
1.002605e-02 1.994107e+05 -6.303461e+03 
1.004231e-02 2.011568e+05 -5.967547e+03 
1.005862e-02 2.025205e+05 -5.484711e+03 
1.007497e-02 2.035673e+05 -4.841672e+03 
1.009138e-02 2.043069e+05 -3.998727e+03 
1.010784e-02 2.047783e+05 -2.896633e+03 
1.012435e-02 2.050027e+05 -1.500914e+03 
1.014091e-02 2.050019e+05 2.225703e+02 
1.015753e-02 2.048882e+05 2.302297e+03 
1.017417e-02 2.046946e+05 4.840320e+03 
1.019085e-02 2.043817e+05 7.854492e+03 
1.020756e-02 2.039171e+05 1.126814e+04 
1.022430e-02 2.032502e+05 1.494033e+04 
1.024106e-02 2.022719e+05 1.861198e+04 
1.025783e-02 2.009588e+05 2.194624e+04 
1.027460e-02 1.993904e+05 2.486009e+04 
1.029138e-02 1.976384e+05 2.731314e+04 
1.030817e-02 1.957468e+05 2.929347e+04 
1.032498e-02 1.938045e+05 3.083369e+04 
1.034181e-02 1.917773e+05 3.202258e+04 
1.035867e-02 1.896293e+05 3.293870e+04 
1.037556e-02 1.873710e+05 3.361627e+04 
1.039249e-02 1.850675e+05 3.413877e+04 
1.040943e-02 1.827248e+05 3.449941e+04 
1.042639e-02 1.804004e+05 3.469722e+04 
1.044336e-02 1.781176e+05 3.473447e+04 
1.046037e-02 1.758679e+05 3.461145e+04 
1.047740e-02 1.736214e+05 3.432156e+04 
1.049446e-02 1.713812e+05 3.389091e+04 
1.051155e-02 1.691656e+05 3.330169e+04 
1.052868e-02 1.669738e+05 3.257844e+04 
1.054584e-02 1.648034e+05 3.173727e+04 
1.056303e-02 1.626614e+05 3.075345e+04 
1.058012e-02 1.605627e+05 2.965575e+04 
1.059713e-02 1.585080e+05 2.848202e+04 
1.061410e-02 1.564907e+05 2.726209e+04 
1.063103e-02 1.545068e+05 2.601040e+04 
1.064797e-02 1.525515e+05 2.472260e+04 
1.066489e-02 1.506276e+05 2.341520e+04 
1.068186e-02 1.487280e+05 2.210775e+04 
1.069889e-02 1.468534e+05 2.080734e+04 
1.071600e-02 1.449982e+05 1.950676e+04 
1.073322e-02 1.431606e+05 1.821509e+04 
1.075042e-02 1.413528e+05 1.696796e+04 
1.076757e-02 1.395735e+05 1.576720e+04 
1.078472e-02 1.378100e+05 1.460730e+04 
1.080188e-02 1.360612e+05 1.347809e+04 
1.081910e-02 1.343272e+05 1.238280e+04 
1.083643e-02 1.326046e+05 1.132521e+04 
1.085382e-02 1.309038e+05 1.030959e+04 
1.087118e-02 1.292418e+05 9.335445e+03 
1.088849e-02 1.276281e+05 8.397867e+03 
1.090579e-02 1.260584e+05 7.502844e+03 
1.092309e-02 1.245191e+05 6.657094e+03 
1.094045e-02 1.230022e+05 5.857344e+03 
1.095794e-02 1.215127e+05 5.103570e+03 
1.097555e-02 1.200688e+05 4.385672e+03 
1.099330e-02 1.186924e+05 3.706031e+03 
1.101120e-02 1.174063e+05 3.063656e+03 
1.102909e-02 1.162485e+05 2.464742e+03 
1.104696e-02 1.152412e+05 1.907898e+03 
1.106478e-02 1.144080e+05 1.402336e+03 
1.108248e-02 1.137898e+05 9.400781e+02 
1.110017e-02 1.133563e+05 5.281875e+02 
1.111778e-02 1.130883e+05 1.928672e+02 
1.113539e-02 1.129036e+05 -6.961719e+01 
1.115297e-02 1.128201e+05 -2.298672e+02 
1.117051e-02 1.128744e+05 -2.433281e+02 
1.118806e-02 1.131030e+05 -4.685938e+01 
1.120555e-02 1.136237e+05 5.214453e+02 
1.122310e-02 1.144855e+05 1.750328e+03 
1.124077e-02 1.156955e+05 4.085234e+03 
1.125841e-02 1.173162e+05 8.283055e+03 
1.127602e-02 1.194039e+05 1.517204e+04 
1.129361e-02 1.220625e+05 2.570683e+04 
1.131118e-02 1.254729e+05 4.206192e+04 
1.132872e-02 1.293090e+05 6.554216e+04 
1.134624e-02 1.333070e+05 9.428744e+04 
1.136373e-02 1.373633e+05 1.258314e+05 
1.138120e-02 1.410702e+05 1.576047e+05 
1.139864e-02 1.440715e+05 1.845301e+05 
1.141607e-02 1.463979e+05 2.052045e+05 
1.143346e-02 1.481797e+05 2.197799e+05 
1.145084e-02 1.495389e+05 2.294391e+05 
1.146820e-02 1.505981e+05 2.352700e+05 
1.148554e-02 1.514508e+05 2.384057e+05 
1.150287e-02 1.521093e+05 2.393656e+05 
1.152017e-02 1.526650e+05 2.392157e+05 
1.153747e-02 1.531575e+05 2.383493e+05 
1.155474e-02 1.536256e+05 2.368418e+05 
1.157199e-02 1.540963e+05 2.348124e+05 
1.158923e-02 1.546030e+05 2.322831e+05 
1.160646e-02 1.551577e+05 2.290170e+05 
1.162367e-02 1.556912e+05 2.249254e+05 
1.164087e-02 1.562057e+05 2.201202e+05 
1.165805e-02 1.567240e+05 2.150019e+05 
1.167522e-02 1.573186e+05 2.098062e+05 
1.169237e-02 1.580326e+05 2.047556e+05 
1.170951e-02 1.588776e+05 2.000409e+05 
1.172664e-02 1.598698e+05 1.958600e+05 
1.174377e-02 1.610264e+05 1.920861e+05 
1.176088e-02 1.623916e+05 1.886195e+05 
1.177799e-02 1.639814e+05 1.853888e+05 
1.179510e-02 1.657888e+05 1.823547e+05 
1.181221e-02 1.678404e+05 1.794589e+05 
1.182932e-02 1.701431e+05 1.766729e+05 
1.184644e-02 1.726206e+05 1.739802e+05 
1.186357e-02 1.751817e+05 1.713816e+05 
1.188070e-02 1.777484e+05 1.688927e+05 
1.189783e-02 1.802221e+05 1.665128e+05 
1.191496e-02 1.824969e+05 1.642738e+05 
1.193210e-02 1.845889e+05 1.622336e+05 
1.194925e-02 1.865162e+05 1.604278e+05 
1.196640e-02 1.882821e+05 1.588817e+05 
1.198355e-02 1.898915e+05 1.576054e+05 
1.200071e-02 1.913629e+05 1.566397e+05 
1.201787e-02 1.927265e+05 1.560118e+05 
1.203505e-02 1.940262e+05 1.557706e+05 
1.205224e-02 1.952984e+05 1.559523e+05 
1.206945e-02 1.965681e+05 1.565896e+05 
1.208667e-02 1.977907e+05 1.577226e+05 
1.210390e-02 1.989136e+05 1.594094e+05 
1.212116e-02 1.998844e+05 1.616830e+05 
1.213844e-02 2.006438e+05 1.645596e+05 
1.215574e-02 2.011234e+05 1.679744e+05 
1.217306e-02 2.012518e+05 1.718750e+05 
1.219041e-02 2.009670e+05 1.759993e+05 
1.220778e-02 2.002223e+05 1.801888e+05 
1.222517e-02 1.990491e+05 1.839724e+05 
1.224257e-02 1.975189e+05 1.872508e+05 
1.225999e-02 1.957284e+05 1.897834e+05 
1.227743e-02 1.937657e+05 1.915272e+05 
1.229488e-02 1.917525e+05 1.924928e+05 
1.231236e-02 1.897635e+05 1.927709e+05 
1.232985e-02 1.878184e+05 1.924755e+05 
1.234737e-02 1.859281e+05 1.916485e+05 
1.236490e-02 1.840811e+05 1.904252e+05 
1.238246e-02 1.822561e+05 1.889148e+05 
1.240003e-02 1.804598e+05 1.872002e+05 
1.241761e-02 1.787098e+05 1.853681e+05 
1.243521e-02 1.770130e+05 1.834453e+05 
1.245283e-02 1.753764e+05 1.814372e+05 
1.247045e-02 1.738147e+05 1.793329e+05 
1.248809e-02 1.723250e+05 1.771306e+05 
1.250573e-02 1.709153e+05 1.748248e+05 
1.252338e-02 1.695949e+05 1.724463e+05 
1.254104e-02 1.683639e+05 1.700264e+05 
1.255871e-02 1.672428e+05 1.675839e+05 
1.257637e-02 1.662726e+05 1.651287e+05 
1.259405e-02 1.655111e+05 1.626527e+05 
1.261172e-02 1.650399e+05 1.601751e+05 
1.262940e-02 1.649544e+05 1.577206e+05 
1.264708e-02 1.654024e+05 1.553084e+05 
1.266476e-02 1.664221e+05 1.529643e+05 
1.268244e-02 1.678559e+05 1.507038e+05 
1.270013e-02 1.698423e+05 1.485371e+05 
1.271781e-02 1.724716e+05 1.464725e+05 
1.273548e-02 1.759017e+05 1.445113e+05 
1.275316e-02 1.803375e+05 1.426577e+05 
1.277083e-02 1.856749e+05 1.409239e+05 
1.278851e-02 1.914946e+05 1.393071e+05 
1.280619e-02 1.971316e+05 1.377997e+05 
1.282387e-02 2.021980e+05 1.363949e+05 
1.284155e-02 2.065612e+05 1.350866e+05 
1.285924e-02 2.100637e+05 1.338705e+05 
1.287693e-02 2.127725e+05 1.327373e+05 
1.289462e-02 2.149305e+05 1.316778e+05 
1.291231e-02 2.166547e+05 1.306812e+05 
1.293000e-02 2.179070e+05 1.297222e+05 
1.294770e-02 2.186771e+05 1.287962e+05 
1.296539e-02 2.189181e+05 1.279081e+05 
1.298309e-02 2.185858e+05 1.270545e+05 
1.300078e-02 2.177896e+05 1.262293e+05 
1.301847e-02 2.166708e+05 1.254190e+05 
1.303615e-02 2.153543e+05 1.246189e+05 
1.305383e-02 2.137293e+05 1.238189e+05 
1.307150e-02 2.118478e+05 1.230169e+05 
1.308915e-02 2.097963e+05 1.222102e+05 
1.310678e-02 2.075621e+05 1.213918e+05 
1.312440e-02 2.051518e+05 1.205588e+05 
1.314200e-02 2.025591e+05 1.197097e+05 
1.315958e-02 1.998186e+05 1.188454e+05 
1.317714e-02 1.969681e+05 1.179641e+05 
1.319470e-02 1.940381e+05 1.170627e+05 
1.321223e-02 1.910222e+05 1.161325e+05 
1.322975e-02 1.878750e+05 1.151734e+05 
1.324718e-02 1.846862e+05 1.141965e+05 
1.326449e-02 1.815999e+05 1.132075e+05 
1.328165e-02 1.787782e+05 1.122152e+05 
1.329870e-02 1.762498e+05 1.112241e+05 
1.331562e-02 1.740213e+05 1.102504e+05 
1.333243e-02 1.721103e+05 1.093140e+05 
1.334917e-02 1.704927e+05 1.084186e+05 
1.336578e-02 1.691661e+05 1.075714e+05 
1.338231e-02 1.680757e+05 1.067838e+05 
1.339879e-02 1.671745e+05 1.060631e+05 
1.341517e-02 1.664119e+05 1.054023e+05 
1.343149e-02 1.657608e+05 1.048122e+05 
1.344775e-02 1.652365e+05 1.043019e+05 
1.346394e-02 1.648052e+05 1.038787e+05 
1.348005e-02 1.644336e+05 1.035437e+05 
1.349607e-02 1.641326e+05 1.032979e+05 
1.351202e-02 1.639504e+05 1.031498e+05 
1.352790e-02 1.639182e+05 1.030953e+05 
1.354373e-02 1.640612e+05 1.031162e+05 
1.355948e-02 1.643598e+05 1.031974e+05 
1.357519e-02 1.648908e+05 1.033323e+05 
1.359087e-02 1.656617e+05 1.035227e+05 
1.360654e-02 1.665948e+05 1.037774e+05 
1.362217e-02 1.676468e+05 1.041055e+05 
1.363778e-02 1.685946e+05 1.045092e+05 
1.365337e-02 1.693124e+05 1.049804e+05 
1.366897e-02 1.697336e+05 1.055303e+05 
1.368455e-02 1.698602e+05 1.061893e+05 
1.370014e-02 1.697852e+05 1.069776e+05 
1.371571e-02 1.695349e+05 1.079248e+05 
1.373127e-02 1.691511e+05 1.090765e+05 
1.374682e-02 1.686090e+05 1.104932e+05 
1.376238e-02 1.679399e+05 1.122518e+05 
1.377795e-02 1.671662e+05 1.144224e+05 
1.379356e-02 1.662477e+05 1.170548e+05 
1.380917e-02 1.651679e+05 1.201672e+05 
1.382481e-02 1.639258e+05 1.240023e+05 
1.384052e-02 1.624794e+05 1.286937e+05 
1.385632e-02 1.607844e+05 1.341245e+05 
1.387211e-02 1.588214e+05 1.402014e+05 
1.388795e-02 1.564906e+05 1.467220e+05 
1.390383e-02 1.537994e+05 1.534445e+05 
1.391989e-02 1.508497e+05 1.596836e+05 
1.393609e-02 1.478403e+05 1.651369e+05 
1.395214e-02 1.451483e+05 1.696910e+05 
1.396855e-02 1.426596e+05 1.734677e+05 
1.398453e-02 1.404209e+05 1.763572e+05 
1.400068e-02 1.382841e+05 1.785645e+05 
1.401702e-02 1.362352e+05 1.801977e+05 
1.403322e-02 1.343085e+05 1.813068e+05 
1.404952e-02 1.324629e+05 1.819730e+05 
1.406603e-02 1.306793e+05 1.821563e+05 
1.408252e-02 1.289706e+05 1.819085e+05 
1.409909e-02 1.273188e+05 1.813055e+05 
1.411580e-02 1.257135e+05 1.804031e+05 
1.413266e-02 1.241517e+05 1.792862e+05 
1.414963e-02 1.226372e+05 1.780551e+05 
1.416669e-02 1.211748e+05 1.767056e+05 
1.418374e-02 1.197693e+05 1.752676e+05 
1.420079e-02 1.184170e+05 1.737420e+05 
1.421783e-02 1.171155e+05 1.721146e+05 
1.423487e-02 1.158633e+05 1.702900e+05 
1.425191e-02 1.146581e+05 1.682640e+05 
1.426895e-02 1.134988e+05 1.660465e+05 
1.428598e-02 1.123821e+05 1.636775e+05 
1.430302e-02 1.113036e+05 1.611847e+05 
1.432008e-02 1.102584e+05 1.585606e+05 
1.433715e-02 1.092410e+05 1.557651e+05 
1.435423e-02 1.082456e+05 1.528641e+05 
1.437133e-02 1.072692e+05 1.499008e+05 
1.438845e-02 1.063114e+05 1.469108e+05 
1.440560e-02 1.053750e+05 1.439153e+05 
1.442277e-02 1.044657e+05 1.409654e+05 
1.443996e-02 1.035883e+05 1.381510e+05 
1.445717e-02 1.027472e+05 1.354722e+05 
1.447442e-02 1.019505e+05 1.329279e+05 
1.449172e-02 1.012094e+05 1.305145e+05 
1.450905e-02 1.005259e+05 1.282299e+05 
1.452639e-02 9.990155e+04 1.260858e+05 
1.454376e-02 9.933900e+04 1.240445e+05 
1.456116e-02 9.884405e+04 1.220875e+05 
1.457861e-02 9.840280e+04 1.202146e+05 
1.459606e-02 9.801045e+04 1.184286e+05 
1.461354e-02 9.767242e+04 1.167292e+05 
1.463104e-02 9.740045e+04 1.151122e+05 
1.464857e-02 9.720973e+04 1.135750e+05 
1.466613e-02 9.712633e+04 1.121178e+05 
1.468373e-02 9.717608e+04 1.107394e+05 
1.470136e-02 9.737430e+04 1.094400e+05 
1.471902e-02 9.772502e+04 1.082178e+05 
1.473672e-02 9.825038e+04 1.070712e+05 
1.475444e-02 9.897375e+04 1.059985e+05 
1.477221e-02 9.991941e+04 1.049981e+05 
1.479002e-02 1.011439e+05 1.040704e+05 
1.480787e-02 1.026784e+05 1.032160e+05 
1.482578e-02 1.045431e+05 1.024265e+05 
1.484374e-02 1.067438e+05 1.017021e+05 
1.486176e-02 1.094718e+05 1.010438e+05 
1.487982e-02 1.126221e+05 1.004489e+05 
1.489794e-02 1.160611e+05 9.992234e+04 
1.491609e-02 1.196379e+05 9.947102e+04 
1.493428e-02 1.232066e+05 9.909330e+04 
1.495251e-02 1.264173e+05 9.878394e+04 
1.497078e-02 1.291593e+05 9.852197e+04 
1.498909e-02 1.313998e+05 9.830055e+04 
1.500743e-02 1.331379e+05 9.812666e+04 
1.502580e-02 1.343917e+05 9.801584e+04 
1.504421e-02 1.352321e+05 9.795777e+04 
1.506262e-02 1.357168e+05 9.794195e+04 
1.508102e-02 1.358903e+05 9.795567e+04 
1.509939e-02 1.357993e+05 9.798694e+04 
1.511774e-02 1.354887e+05 9.802061e+04 
1.513609e-02 1.350113e+05 9.804720e+04 
1.515440e-02 1.344246e+05 9.805383e+04 
1.517270e-02 1.337630e+05 9.803509e+04 
1.519096e-02 1.330568e+05 9.798628e+04 
1.520919e-02 1.323600e+05 9.791362e+04 
1.522738e-02 1.316739e+05 9.782211e+04 
1.524555e-02 1.310001e+05 9.771323e+04 
1.526370e-02 1.303356e+05 9.758469e+04 
1.528183e-02 1.296729e+05 9.743769e+04 
1.529994e-02 1.290117e+05 9.727034e+04 
1.531803e-02 1.283442e+05 9.707586e+04 
1.533611e-02 1.276478e+05 9.686016e+04 
1.535417e-02 1.269393e+05 9.663041e+04 
1.537222e-02 1.262282e+05 9.639506e+04 
1.539026e-02 1.255187e+05 9.615584e+04 
1.540829e-02 1.248189e+05 9.591514e+04 
1.542631e-02 1.241159e+05 9.567441e+04 
1.544432e-02 1.233946e+05 9.543717e+04 
1.546233e-02 1.226530e+05 9.520839e+04 
1.548033e-02 1.218891e+05 9.500334e+04 
1.549832e-02 1.211070e+05 9.481244e+04 
1.551631e-02 1.203130e+05 9.464564e+04 
1.553432e-02 1.195051e+05 9.451400e+04 
1.555233e-02 1.186898e+05 9.442188e+04 
1.557036e-02 1.178768e+05 9.437111e+04 
1.558841e-02 1.170928e+05 9.436130e+04 
1.560648e-02 1.163591e+05 9.440225e+04 
1.562457e-02 1.156786e+05 9.450633e+04 
1.564264e-02 1.150498e+05 9.468356e+04 
1.566071e-02 1.144658e+05 9.493855e+04 
1.567873e-02 1.139059e+05 9.527373e+04 
1.569674e-02 1.133540e+05 9.569844e+04 
1.571473e-02 1.128155e+05 9.621808e+04 
1.573271e-02 1.122912e+05 9.683700e+04 
1.575070e-02 1.117816e+05 9.752267e+04 
1.576868e-02 1.112820e+05 9.827253e+04 
1.578667e-02 1.107887e+05 9.909189e+04 
1.580465e-02 1.102938e+05 9.996558e+04 
1.582264e-02 1.097842e+05 1.008856e+05 
1.584063e-02 1.092500e+05 1.018302e+05 
1.585863e-02 1.086793e+05 1.027898e+05 
1.587664e-02 1.080740e+05 1.037355e+05 
1.589468e-02 1.074322e+05 1.046664e+05 
1.591276e-02 1.067518e+05 1.055925e+05 
1.593088e-02 1.060307e+05 1.065262e+05 
1.594904e-02 1.052645e+05 1.074783e+05 
1.596726e-02 1.044530e+05 1.084531e+05 
1.598553e-02 1.035945e+05 1.094475e+05 
1.600376e-02 1.026906e+05 1.104944e+05 
1.602153e-02 1.017605e+05 1.115870e+05 
1.603900e-02 1.007969e+05 1.127410e+05 
1.605645e-02 9.978445e+04 1.139688e+05 
1.607374e-02 9.873209e+04 1.152717e+05 
1.609082e-02 9.765250e+04 1.166732e+05 
1.610789e-02 9.652744e+04 1.181974e+05 
1.612507e-02 9.535055e+04 1.198282e+05 
1.614216e-02 9.413811e+04 1.215158e+05 
1.615922e-02 9.290614e+04 1.232349e+05 
1.617630e-02 9.169805e+04 1.249664e+05 
1.619345e-02 9.055502e+04 1.266871e+05 
1.621061e-02 8.948888e+04 1.283631e+05 
1.622776e-02 8.848342e+04 1.298825e+05 
1.624492e-02 8.753041e+04 1.312212e+05 
1.626205e-02 8.663430e+04 1.323764e+05 
1.627921e-02 8.580873e+04 1.333609e+05 
1.629641e-02 8.506247e+04 1.341842e+05 
1.631360e-02 8.440270e+04 1.348522e+05 
1.633075e-02 8.382831e+04 1.353649e+05 
1.634789e-02 8.333962e+04 1.357664e+05 
1.636503e-02 8.293880e+04 1.360766e+05 
1.638220e-02 8.263177e+04 1.363142e+05 
1.639935e-02 8.243917e+04 1.364965e+05 
1.641648e-02 8.235592e+04 1.366197e+05 
1.643358e-02 8.236091e+04 1.366604e+05 
1.645068e-02 8.241803e+04 1.366259e+05 
1.646775e-02 8.254500e+04 1.365743e+05 
1.648481e-02 8.279580e+04 1.365038e+05 
1.650187e-02 8.316294e+04 1.364202e+05 
1.651894e-02 8.363080e+04 1.363208e+05 
1.653599e-02 8.412412e+04 1.362017e+05 
1.655303e-02 8.459734e+04 1.360664e+05 
1.657006e-02 8.502122e+04 1.359172e+05 
1.658709e-02 8.538303e+04 1.357259e+05 
1.660413e-02 8.568205e+04 1.355048e+05 
1.662116e-02 8.592736e+04 1.352685e+05 
1.663820e-02 8.613100e+04 1.350340e+05 
1.665526e-02 8.628133e+04 1.348401e+05 
1.667232e-02 8.640200e+04 1.347051e+05 
1.668938e-02 8.649097e+04 1.346107e+05 
1.670644e-02 8.652045e+04 1.345546e+05 
1.672352e-02 8.648523e+04 1.345416e+05 
1.674061e-02 8.639314e+04 1.345559e+05 
1.675769e-02 8.623555e+04 1.345742e+05 
1.677478e-02 8.600155e+04 1.345761e+05 
1.679188e-02 8.565603e+04 1.345581e+05 
1.680902e-02 8.521209e+04 1.345256e+05 
1.682618e-02 8.469567e+04 1.345156e+05 
1.684335e-02 8.412291e+04 1.345475e+05 
1.686054e-02 8.351248e+04 1.346446e+05 
1.687776e-02 8.286528e+04 1.348293e+05 
1.689500e-02 8.217878e+04 1.351321e+05 
1.691229e-02 8.144186e+04 1.355934e+05 
1.692960e-02 8.065192e+04 1.362489e+05 
1.694694e-02 7.980839e+04 1.371488e+05 
1.696432e-02 7.891666e+04 1.383508e+05 
1.698174e-02 7.798397e+04 1.399121e+05 
1.699920e-02 7.701672e+04 1.419200e+05 
1.701671e-02 7.601989e+04 1.444270e+05 
1.703424e-02 7.499661e+04 1.474665e+05 
1.705181e-02 7.394883e+04 1.511340e+05 
1.706943e-02 7.287942e+04 1.557122e+05 
1.708709e-02 7.179267e+04 1.609959e+05 
1.710479e-02 7.069334e+04 1.667822e+05 
1.712253e-02 6.958842e+04 1.728950e+05 
1.714031e-02 6.848275e+04 1.790117e+05 
1.715812e-02 6.737966e+04 1.845614e+05 
1.717597e-02 6.628089e+04 1.894883e+05 
1.719386e-02 6.518728e+04 1.937554e+05 
1.721178e-02 6.409964e+04 1.973897e+05 
1.722973e-02 6.301873e+04 2.004780e+05 
1.724771e-02 6.194617e+04 2.031723e+05 
1.726573e-02 6.088461e+04 2.054838e+05 
1.728377e-02 5.983494e+04 2.074102e+05 
1.730185e-02 5.879609e+04 2.089853e+05 
1.731996e-02 5.776992e+04 2.102362e+05 
1.733810e-02 5.676002e+04 2.111872e+05 
1.735627e-02 5.576961e+04 2.118535e+05 
1.737447e-02 5.480106e+04 2.122884e+05 
1.739270e-02 5.385650e+04 2.125526e+05 
1.741095e-02 5.293869e+04 2.127102e+05 
1.742923e-02 5.205202e+04 2.127893e+05 
1.744752e-02 5.119986e+04 2.128047e+05 
1.746582e-02 5.038631e+04 2.127952e+05 
1.748414e-02 4.961425e+04 2.127980e+05 
1.750247e-02 4.888528e+04 2.128800e+05 
1.752080e-02 4.819622e+04 2.130940e+05 
1.753914e-02 4.754553e+04 2.134540e+05 
1.755747e-02 4.693252e+04 2.139619e+05 
1.757581e-02 4.635564e+04 2.146252e+05 
1.759415e-02 4.581816e+04 2.154527e+05 
1.761249e-02 4.531914e+04 2.164653e+05 
1.763084e-02 4.486116e+04 2.177360e+05 
1.764920e-02 4.444227e+04 2.193526e+05 
1.766756e-02 4.405964e+04 2.214378e+05 
1.768593e-02 4.370972e+04 2.241897e+05 
1.770430e-02 4.338758e+04 2.276742e+05 
1.772269e-02 4.308772e+04 2.320466e+05 
1.774108e-02 4.280631e+04 2.377110e+05 
1.775948e-02 4.253988e+04 2.443138e+05 
1.777789e-02 4.228472e+04 2.513892e+05 
1.779630e-02 4.203669e+04 2.580715e+05 
1.781471e-02 4.179220e+04 2.632859e+05 
1.783312e-02 4.154905e+04 2.672394e+05 
1.785153e-02 4.130592e+04 2.700187e+05 
1.786993e-02 4.105955e+04 2.719013e+05 
1.788832e-02 4.080683e+04 2.730481e+05 
1.790671e-02 4.054538e+04 2.736003e+05 
1.792510e-02 4.026653e+04 2.736232e+05 
1.794348e-02 3.996848e+04 2.731050e+05 
1.796186e-02 3.965197e+04 2.721002e+05 
1.798023e-02 3.932211e+04 2.706362e+05 
1.799860e-02 3.898841e+04 2.688232e+05 
1.801698e-02 3.866881e+04 2.667522e+05 
1.803535e-02 3.837858e+04 2.644665e+05 
1.805373e-02 3.811820e+04 2.619272e+05 
1.807209e-02 3.788842e+04 2.591523e+05 
1.809039e-02 3.768408e+04 2.561818e+05 
1.810863e-02 3.748716e+04 2.530667e+05 
1.812681e-02 3.729306e+04 2.498673e+05 
1.814494e-02 3.710638e+04 2.466003e+05 
1.816301e-02 3.693248e+04 2.432646e+05 
1.818105e-02 3.678236e+04 2.399159e+05 
1.819902e-02 3.667797e+04 2.365861e+05 
1.821693e-02 3.662406e+04 2.333060e+05 
1.823480e-02 3.662441e+04 2.300999e+05 
1.825264e-02 3.668484e+04 2.269759e+05 
1.827042e-02 3.680633e+04 2.239480e+05 
1.828816e-02 3.699995e+04 2.210253e+05 
1.830585e-02 3.728059e+04 2.181920e+05 
1.832352e-02 3.766098e+04 2.154310e+05 
1.834115e-02 3.813839e+04 2.127276e+05 
1.835877e-02 3.871234e+04 2.100710e+05 
1.837637e-02 3.941450e+04 2.074560e+05 
1.839395e-02 4.025450e+04 2.048819e+05 
1.841151e-02 4.119738e+04 2.023485e+05 
1.842906e-02 4.220744e+04 1.998514e+05 
1.844659e-02 4.325031e+04 1.973901e+05 
1.846410e-02 4.426344e+04 1.949605e+05 
1.848159e-02 4.518362e+04 1.925665e+05 
1.849909e-02 4.600441e+04 1.902125e+05 
1.851658e-02 4.672308e+04 1.879067e+05 
1.853407e-02 4.734078e+04 1.856619e+05 
1.855157e-02 4.785594e+04 1.834942e+05 
1.856907e-02 4.826294e+04 1.814166e+05 
1.858656e-02 4.855227e+04 1.794451e+05 
1.860406e-02 4.874314e+04 1.776022e+05 
1.862156e-02 4.890320e+04 1.758945e+05 
1.863906e-02 4.915675e+04 1.743282e+05 
1.865656e-02 4.953953e+04 1.729020e+05 
1.867407e-02 4.999197e+04 1.716040e+05 
1.869159e-02 5.077898e+04 1.704129e+05 
1.870913e-02 5.243166e+04 1.693246e+05 
1.872669e-02 5.576514e+04 1.683536e+05 
1.874425e-02 6.249497e+04 1.674969e+05 
1.876183e-02 7.624808e+04 1.667427e+05 
1.877942e-02 1.021241e+05 1.661077e+05 
1.879702e-02 1.421818e+05 1.655799e+05 
1.881463e-02 1.838818e+05 1.651439e+05 
1.883225e-02 2.128045e+05 1.647833e+05 
1.884989e-02 2.283022e+05 1.644857e+05 
1.886755e-02 2.349679e+05 1.642373e+05 
1.888523e-02 2.383449e+05 1.640289e+05 
1.890294e-02 2.402202e+05 1.638502e+05 
1.892066e-02 2.411849e+05 1.636886e+05 
1.893840e-02 2.409621e+05 1.635324e+05 
1.895615e-02 2.399002e+05 1.633595e+05 
1.897393e-02 2.386226e+05 1.631579e+05 
1.899172e-02 2.372668e+05 1.629185e+05 
1.900954e-02 2.357815e+05 1.626438e+05 
1.902739e-02 2.342742e+05 1.623245e+05 
1.904526e-02 2.327388e+05 1.619485e+05 
1.906316e-02 2.312021e+05 1.615017e+05 
1.908109e-02 2.296592e+05 1.609752e+05 
1.909904e-02 2.280734e+05 1.603617e+05 
1.911702e-02 2.264617e+05 1.596508e+05 
1.913502e-02 2.248815e+05 1.588482e+05 
1.915305e-02 2.233434e+05 1.579545e+05 
1.917110e-02 2.218338e+05 1.569725e+05 
1.918918e-02 2.203093e+05 1.559208e+05 
1.920728e-02 2.187634e+05 1.547922e+05 
1.922541e-02 2.171982e+05 1.535922e+05 
1.924358e-02 2.156291e+05 1.523400e+05 
1.926179e-02 2.140759e+05 1.510550e+05 
1.928003e-02 2.125452e+05 1.497539e+05 
1.929830e-02 2.110260e+05 1.484544e+05 
1.931660e-02 2.094226e+05 1.471740e+05 
1.933493e-02 2.077255e+05 1.459176e+05 
1.935329e-02 2.058492e+05 1.446885e+05 
1.937167e-02 2.035599e+05 1.434945e+05 
1.939009e-02 2.007050e+05 1.423499e+05 
1.940854e-02 1.970864e+05 1.412703e+05 
1.942703e-02 1.930629e+05 1.402646e+05 
1.944554e-02 1.890404e+05 1.393558e+05 
1.946407e-02 1.854865e+05 1.385450e+05 
1.948264e-02 1.822807e+05 1.378295e+05 
1.950122e-02 1.793615e+05 1.372052e+05 
1.951982e-02 1.766253e+05 1.366713e+05 
1.953844e-02 1.740736e+05 1.362317e+05 
1.955707e-02 1.716607e+05 1.358873e+05 
1.957567e-02 1.693568e+05 1.356511e+05 
1.959424e-02 1.671481e+05 1.355245e+05 
1.961279e-02 1.650428e+05 1.354879e+05 
1.963133e-02 1.630314e+05 1.355245e+05 
1.964984e-02 1.610967e+05 1.356206e+05 
1.966834e-02 1.592215e+05 1.357578e+05 
1.968681e-02 1.573997e+05 1.358865e+05 
1.970525e-02 1.556245e+05 1.359945e+05 
1.972369e-02 1.538860e+05 1.360775e+05 
1.974211e-02 1.521700e+05 1.361294e+05 
1.976051e-02 1.504675e+05 1.361453e+05 
1.977891e-02 1.487758e+05 1.361171e+05 
1.979729e-02 1.470952e+05 1.360471e+05 
1.981566e-02 1.454310e+05 1.359368e+05 
1.983401e-02 1.437837e+05 1.357858e+05 
1.985236e-02 1.421504e+05 1.355947e+05 
1.987060e-02 1.405379e+05 1.353646e+05 
1.988864e-02 1.389542e+05 1.350932e+05 
1.990657e-02 1.373917e+05 1.347713e+05 
1.992438e-02 1.358522e+05 1.343961e+05 
1.994208e-02 1.343353e+05 1.339694e+05 
1.995973e-02 1.328412e+05 1.334981e+05 
1.997724e-02 1.313800e+05 1.329878e+05 
1.999454e-02 1.299610e+05 1.324445e+05 
2.001166e-02 1.285829e+05 1.318685e+05 
2.002865e-02 1.272437e+05 1.312547e+05 
2.004542e-02 1.259510e+05 1.306194e+05 
2.006200e-02 1.247007e+05 1.299576e+05 
2.007849e-02 1.234836e+05 1.292595e+05 
2.009479e-02 1.223053e+05 1.285352e+05 
2.011081e-02 1.211703e+05 1.277937e+05 
2.012664e-02 1.200707e+05 1.270383e+05 
2.014243e-02 1.189983e+05 1.262646e+05 
2.015810e-02 1.179583e+05 1.254759e+05 
2.017353e-02 1.169581e+05 1.246791e+05 
2.018882e-02 1.159897e+05 1.238702e+05 
2.020408e-02 1.150469e+05 1.230449e+05 
2.021922e-02 1.141323e+05 1.222089e+05 
2.023421e-02 1.132449e+05 1.213656e+05 
2.024915e-02 1.123770e+05 1.205109e+05 
2.026399e-02 1.115294e+05 1.196499e+05 
2.027877e-02 1.106975e+05 1.187800e+05 
2.029351e-02 1.098784e+05 1.179047e+05 
2.030814e-02 1.090737e+05 1.170348e+05 
2.032271e-02 1.082787e+05 1.161646e+05 
2.033729e-02 1.074876e+05 1.152790e+05 
2.035177e-02 1.067040e+05 1.143900e+05 
2.036621e-02 1.059238e+05 1.135027e+05 
2.038059e-02 1.051507e+05 1.126254e+05 
2.039490e-02 1.043859e+05 1.117658e+05 
2.040908e-02 1.036299e+05 1.109305e+05 
2.042306e-02 1.028887e+05 1.101238e+05 
2.043692e-02 1.021668e+05 1.093528e+05 
2.045061e-02 1.014722e+05 1.086248e+05 
2.046416e-02 1.008069e+05 1.079342e+05 
2.047761e-02 1.001680e+05 1.072753e+05 
2.049087e-02 9.956880e+04 1.066502e+05 
2.050414e-02 9.901650e+04 1.060486e+05 
2.051713e-02 9.853394e+04 1.054802e+05 
2.053013e-02 9.811477e+04 1.049329e+05 
2.054290e-02 9.775775e+04 1.044123e+05 
2.055561e-02 9.745517e+04 1.039090e+05 
2.056820e-02 9.720380e+04 1.034244e+05 
2.058066e-02 9.699909e+04 1.029566e+05 
2.059315e-02 9.683088e+04 1.024977e+05 
2.060540e-02 9.670177e+04 1.020556e+05 
2.061768e-02 9.660908e+04 1.016180e+05 
2.062984e-02 9.654528e+04 1.011880e+05 
2.064195e-02 9.650683e+04 1.007595e+05 
2.065408e-02 9.649452e+04 1.003278e+05 
2.066610e-02 9.651262e+04 9.989541e+04 
2.067820e-02 9.656375e+04 9.945511e+04 
2.069016e-02 9.665106e+04 9.901395e+04 
2.070219e-02 9.678744e+04 9.856408e+04 
2.071410e-02 9.697048e+04 9.811275e+04 
2.072605e-02 9.720238e+04 9.765453e+04 
2.073791e-02 9.748059e+04 9.719384e+04 
2.074979e-02 9.780972e+04 9.672917e+04 
2.076163e-02 9.819031e+04 9.626158e+04 
2.077347e-02 9.862589e+04 9.578984e+04 
2.078526e-02 9.912292e+04 9.531523e+04 
2.079708e-02 9.968967e+04 9.483408e+04 
2.080895e-02 1.003319e+05 9.434544e+04 
2.082087e-02 1.010551e+05 9.384845e+04 
2.083307e-02 1.018784e+05 9.333394e+04 
2.084567e-02 1.028184e+05 9.279655e+04 
2.085867e-02 1.038855e+05 9.223575e+04 
2.087219e-02 1.051107e+05 9.164603e+04 
2.088622e-02 1.065342e+05 9.102770e+04 
2.090058e-02 1.081324e+05 9.038773e+04 
2.091545e-02 1.099143e+05 8.972092e+04 
2.093056e-02 1.118325e+05 8.904273e+04 
2.094558e-02 1.138048e+05 8.836900e+04 
2.096052e-02 1.157689e+05 8.769841e+04 
2.097516e-02 1.176957e+05 8.704173e+04 
2.098980e-02 1.196219e+05 8.638814e+04 
2.100446e-02 1.215564e+05 8.573802e+04 
2.101908e-02 1.234841e+05 8.509252e+04 
2.103380e-02 1.254540e+05 8.444436e+04 
2.104848e-02 1.274413e+05 8.380322e+04 
2.106330e-02 1.294806e+05 8.316288e+04 
2.107810e-02 1.315237e+05 8.253606e+04 
2.109308e-02 1.335696e+05 8.191727e+04 
2.110802e-02 1.355680e+05 8.131908e+04 
2.112313e-02 1.375495e+05 8.073241e+04 
2.113827e-02 1.394685e+05 8.016386e+04 
2.115347e-02 1.412990e+05 7.961430e+04 
2.116882e-02 1.430208e+05 7.908177e+04 
2.118423e-02 1.446085e+05 7.857111e+04 
2.119963e-02 1.460505e+05 7.808575e+04 
2.121512e-02 1.473570e+05 7.762319e+04 
2.123077e-02 1.485382e+05 7.718303e+04 
2.124644e-02 1.495877e+05 7.677019e+04 
2.126212e-02 1.505012e+05 7.638230e+04 
2.127789e-02 1.513115e+05 7.601642e+04 
2.129376e-02 1.520427e+05 7.567120e+04 
2.130968e-02 1.527068e+05 7.534595e+04 
2.132560e-02 1.533213e+05 7.504050e+04 
2.134154e-02 1.539042e+05 7.475500e+04 
2.135753e-02 1.544715e+05 7.449148e+04 
2.137358e-02 1.550372e+05 7.425255e+04 
2.138967e-02 1.556177e+05 7.403817e+04 
2.140575e-02 1.562282e+05 7.384875e+04 
2.142182e-02 1.568863e+05 7.368339e+04 
2.143791e-02 1.576088e+05 7.354086e+04 
2.145401e-02 1.584226e+05 7.342022e+04 
2.147016e-02 1.593535e+05 7.332120e+04 
2.148634e-02 1.604264e+05 7.324116e+04 
2.150249e-02 1.616578e+05 7.317938e+04 
2.151864e-02 1.630829e+05 7.313567e+04 
2.153481e-02 1.647442e+05 7.310784e+04 
2.155101e-02 1.667019e+05 7.309441e+04 
2.156724e-02 1.690170e+05 7.309152e+04 
2.158350e-02 1.717238e+05 7.309588e+04 
2.159976e-02 1.748607e+05 7.310405e+04 
2.161604e-02 1.786507e+05 7.311181e+04 
2.163233e-02 1.829953e+05 7.311650e+04 
2.164864e-02 1.877726e+05 7.312056e+04 
2.166498e-02 1.928940e+05 7.312611e+04 
2.168136e-02 1.982256e+05 7.313269e+04 
2.169777e-02 2.033354e+05 7.313705e+04 
2.171420e-02 2.081355e+05 7.313980e+04 
2.173064e-02 2.125352e+05 7.313838e+04 
2.174711e-02 2.164451e+05 7.313225e+04 
2.176359e-02 2.199585e+05 7.312041e+04 
2.178011e-02 2.231428e+05 7.310214e+04 
2.179665e-02 2.260286e+05 7.307672e+04 
2.181322e-02 2.286309e+05 7.304533e+04 
2.182983e-02 2.309703e+05 7.300747e+04 
2.184647e-02 2.329764e+05 7.296423e+04 
2.186313e-02 2.346595e+05 7.291650e+04 
2.187981e-02 2.361639e+05 7.286544e+04 
2.189652e-02 2.374479e+05 7.281302e+04 
2.191326e-02 2.384232e+05 7.276130e+04 
2.193004e-02 2.391077e+05 7.271259e+04 
2.194685e-02 2.395994e+05 7.266772e+04 
2.196370e-02 2.399645e+05 7.262700e+04 
2.198059e-02 2.402320e+05 7.259525e+04 
2.199752e-02 2.404397e+05 7.257803e+04 
2.201448e-02 2.406831e+05 7.256658e+04 
2.203146e-02 2.409848e+05 7.254880e+04 
2.204848e-02 2.413699e+05 7.251517e+04 
2.206553e-02 2.418610e+05 7.245817e+04 
2.208261e-02 2.425667e+05 7.237288e+04 
2.209972e-02 2.435589e+05 7.225408e+04 
2.211687e-02 2.447981e+05 7.210742e+04 
2.213406e-02 2.463970e+05 7.193631e+04 
2.215128e-02 2.484001e+05 7.174103e+04 
2.216854e-02 2.505973e+05 7.152241e+04 
2.218583e-02 2.527435e+05 7.128533e+04 
2.220314e-02 2.544033e+05 7.103302e+04 
2.222048e-02 2.553618e+05 7.077638e+04 
2.223785e-02 2.555795e+05 7.052433e+04 
2.225525e-02 2.551863e+05 7.028366e+04 
2.227268e-02 2.545020e+05 7.006273e+04 
2.229014e-02 2.537626e+05 6.986805e+04 
2.230765e-02 2.532278e+05 6.970358e+04 
2.232519e-02 2.528924e+05 6.957755e+04 
2.234275e-02 2.527647e+05 6.950048e+04 
2.236033e-02 2.527543e+05 6.948502e+04 
2.237795e-02 2.528556e+05 6.954586e+04 
2.239559e-02 2.532237e+05 6.969870e+04 
2.241327e-02 2.537200e+05 6.996564e+04 
2.243098e-02 2.541123e+05 7.036644e+04 
2.244873e-02 2.540417e+05 7.092548e+04 
2.246651e-02 2.534981e+05 7.166808e+04 
2.248434e-02 2.525253e+05 7.261541e+04 
2.250219e-02 2.512742e+05 7.378191e+04 
2.252006e-02 2.496231e+05 7.517517e+04 
2.253797e-02 2.474043e+05 7.686612e+04 
2.255590e-02 2.447731e+05 7.893059e+04 
2.257387e-02 2.419352e+05 8.131720e+04 
2.259187e-02 2.390793e+05 8.396211e+04 
2.260991e-02 2.363319e+05 8.678606e+04 
2.262797e-02 2.336581e+05 8.970788e+04 
2.264608e-02 2.309275e+05 9.249897e+04 
2.266421e-02 2.281452e+05 9.508280e+04 
2.268236e-02 2.253834e+05 9.742706e+04 
2.270054e-02 2.228802e+05 9.951945e+04 
2.271874e-02 2.206121e+05 1.013547e+05 
2.273698e-02 2.185539e+05 1.029445e+05 
2.275524e-02 2.167249e+05 1.043225e+05 
2.277354e-02 2.151962e+05 1.055068e+05 
2.279187e-02 2.140501e+05 1.065135e+05 
2.281022e-02 2.134494e+05 1.073605e+05 
2.282860e-02 2.133263e+05 1.080616e+05 
2.284701e-02 2.134584e+05 1.086270e+05 
2.286544e-02 2.139610e+05 1.090833e+05 
2.288391e-02 2.152181e+05 1.094456e+05 
2.290240e-02 2.177433e+05 1.097363e+05 
2.292093e-02 2.219938e+05 1.099863e+05 
2.293949e-02 2.286690e+05 1.101925e+05 
2.295807e-02 2.393999e+05 1.103509e+05 
2.297668e-02 2.540502e+05 1.104588e+05 
2.299532e-02 2.683175e+05 1.104794e+05 
2.301399e-02 2.771164e+05 1.104085e+05 
2.303267e-02 2.816725e+05 1.102469e+05 
2.305134e-02 2.834982e+05 1.100068e+05 
2.307001e-02 2.837717e+05 1.096888e+05 
2.308868e-02 2.831591e+05 1.092849e+05 
2.310734e-02 2.821278e+05 1.088079e+05 
2.312599e-02 2.805863e+05 1.082391e+05 
2.314464e-02 2.783974e+05 1.075673e+05 
2.316328e-02 2.754872e+05 1.067662e+05 
2.318190e-02 2.715530e+05 1.058027e+05 
2.320052e-02 2.662979e+05 1.046936e+05 
2.321913e-02 2.595444e+05 1.034724e+05 
2.323773e-02 2.516795e+05 1.021856e+05 
2.325633e-02 2.436023e+05 1.008710e+05 
2.327494e-02 2.366010e+05 9.959998e+04 
2.329355e-02 2.307546e+05 9.838122e+04 
2.331218e-02 2.256586e+05 9.720559e+04 
2.333079e-02 2.210699e+05 9.605127e+04 
2.334942e-02 2.169036e+05 9.491406e+04 
2.336806e-02 2.130997e+05 9.377817e+04 
2.338670e-02 2.095974e+05 9.263898e+04 
2.340537e-02 2.063393e+05 9.149136e+04 
2.342406e-02 2.032887e+05 9.033153e+04 
2.344276e-02 2.004134e+05 8.915725e+04 
2.346149e-02 1.976908e+05 8.796488e+04 
2.348022e-02 1.950971e+05 8.675248e+04 
2.349897e-02 1.926116e+05 8.552250e+04 
2.351773e-02 1.902097e+05 8.427853e+04 
2.353652e-02 1.878701e+05 8.302469e+04 
2.355530e-02 1.855821e+05 8.176772e+04 
2.357407e-02 1.833414e+05 8.051306e+04 
2.359284e-02 1.811361e+05 7.927316e+04 
2.361161e-02 1.789543e+05 7.804864e+04 
2.363039e-02 1.767902e+05 7.683691e+04 
2.364918e-02 1.746378e+05 7.563567e+04 
2.366799e-02 1.724923e+05 7.444297e+04 
2.368681e-02 1.703542e+05 7.325689e+04 
2.370564e-02 1.682198e+05 7.207427e+04 
2.372448e-02 1.660866e+05 7.089309e+04 
2.374332e-02 1.639525e+05 6.971641e+04 
2.376216e-02 1.618153e+05 6.854469e+04 
2.378101e-02 1.596736e+05 6.738081e+04 
2.379986e-02 1.575262e+05 6.622678e+04 
2.381872e-02 1.553720e+05 6.508427e+04 
2.383756e-02 1.532144e+05 6.395831e+04 
2.385639e-02 1.510570e+05 6.285677e+04 
2.387520e-02 1.489022e+05 6.178523e+04 
2.389399e-02 1.467519e+05 6.074673e+04 
2.391276e-02 1.446075e+05 5.975038e+04 
2.393150e-02 1.424775e+05 5.880531e+04 
2.395021e-02 1.403777e+05 5.791886e+04 
2.396890e-02 1.383169e+05 5.709458e+04 
2.398756e-02 1.363107e+05 5.633891e+04 
2.400618e-02 1.343705e+05 5.565177e+04 
2.402478e-02 1.325062e+05 5.503275e+04 
2.404334e-02 1.307259e+05 5.448239e+04 
2.406188e-02 1.290371e+05 5.400523e+04 
2.408039e-02 1.274452e+05 5.358150e+04 
2.409888e-02 1.259528e+05 5.321492e+04 
2.411734e-02 1.245621e+05 5.291428e+04 
2.413579e-02 1.232725e+05 5.266750e+04 
2.415422e-02 1.220838e+05 5.249567e+04 
2.417263e-02 1.209939e+05 5.241533e+04 
2.419104e-02 1.200000e+05 5.243755e+04 
2.420944e-02 1.190991e+05 5.259558e+04 
2.422783e-02 1.182870e+05 5.290825e+04 
2.424623e-02 1.175583e+05 5.339522e+04 
2.426463e-02 1.169091e+05 5.409009e+04 
2.428303e-02 1.163429e+05 5.502870e+04 
2.430144e-02 1.158510e+05 5.625461e+04 
2.431986e-02 1.154184e+05 5.782520e+04 
2.433828e-02 1.150254e+05 5.978178e+04 
2.435672e-02 1.146710e+05 6.214788e+04 
2.437516e-02 1.143592e+05 6.494430e+04 
2.439360e-02 1.141079e+05 6.817695e+04 
2.441205e-02 1.139128e+05 7.196411e+04 
2.443049e-02 1.137737e+05 7.622267e+04 
2.444893e-02 1.136875e+05 8.092012e+04 
2.446736e-02 1.136664e+05 8.599805e+04 
2.448578e-02 1.137228e+05 9.138436e+04 
2.450418e-02 1.138695e+05 9.698333e+04 
2.452257e-02 1.141228e+05 1.026849e+05 
2.454095e-02 1.145054e+05 1.084228e+05 
2.455932e-02 1.150451e+05 1.141828e+05 
2.457767e-02 1.157821e+05 1.199718e+05 
2.459599e-02 1.167748e+05 1.257658e+05 
2.461428e-02 1.180981e+05 1.314476e+05 
2.463253e-02 1.198356e+05 1.369447e+05 
2.465075e-02 1.221078e+05 1.422149e+05 
2.466894e-02 1.250307e+05 1.472187e+05 
2.468710e-02 1.286552e+05 1.519193e+05 
2.470523e-02 1.332526e+05 1.563025e+05 
2.472332e-02 1.389646e+05 1.603217e+05 
2.474139e-02 1.454881e+05 1.639507e+05 
2.475941e-02 1.525108e+05 1.671932e+05 
2.477740e-02 1.594759e+05 1.700378e+05 
2.479537e-02 1.656512e+05 1.724970e+05 
2.481331e-02 1.708770e+05 1.746100e+05 
2.483123e-02 1.750122e+05 1.763968e+05 
2.484913e-02 1.780605e+05 1.778955e+05 
2.486700e-02 1.802660e+05 1.791538e+05 
2.488485e-02 1.816328e+05 1.801933e+05 
2.490269e-02 1.822626e+05 1.810523e+05 
2.492052e-02 1.824375e+05 1.817913e+05 
2.493834e-02 1.822721e+05 1.823659e+05 
2.495615e-02 1.817830e+05 1.827400e+05 
2.497394e-02 1.810343e+05 1.828883e+05 
2.499173e-02 1.799783e+05 1.827926e+05 
2.500951e-02 1.785228e+05 1.825037e+05 
2.502730e-02 1.767301e+05 1.820561e+05 
2.504508e-02 1.746138e+05 1.814557e+05 
2.506286e-02 1.721761e+05 1.806888e+05 
2.508064e-02 1.695748e+05 1.797654e+05 
2.509843e-02 1.668591e+05 1.787256e+05 
2.511624e-02 1.640840e+05 1.775757e+05 
2.513405e-02 1.614590e+05 1.763017e+05 
2.515187e-02 1.590322e+05 1.748864e+05 
2.516970e-02 1.568252e+05 1.733265e+05 
2.518754e-02 1.548451e+05 1.716288e+05 
2.520539e-02 1.530541e+05 1.697920e+05 
2.522326e-02 1.514063e+05 1.678173e+05 
2.524116e-02 1.498925e+05 1.656599e+05 
2.525909e-02 1.485017e+05 1.634079e+05 
2.527704e-02 1.472220e+05 1.611592e+05 
2.529502e-02 1.460441e+05 1.590512e+05 
2.531303e-02 1.449572e+05 1.571584e+05 
2.533107e-02 1.439498e+05 1.554638e+05 
2.534915e-02 1.430112e+05 1.539536e+05 
2.536728e-02 1.421316e+05 1.525867e+05 
2.538547e-02 1.413049e+05 1.513647e+05 
2.540371e-02 1.405249e+05 1.502892e+05 
2.542201e-02 1.397836e+05 1.493648e+05 
2.544038e-02 1.390753e+05 1.485891e+05 
2.545881e-02 1.383918e+05 1.479634e+05 
2.547730e-02 1.377257e+05 1.474790e+05 
2.549586e-02 1.370701e+05 1.471307e+05 
2.551449e-02 1.364198e+05 1.469246e+05 
2.553320e-02 1.357721e+05 1.468802e+05 
2.555199e-02 1.351222e+05 1.469810e+05 
2.557086e-02 1.344764e+05 1.471930e+05 
2.558981e-02 1.338233e+05 1.474886e+05 
2.560886e-02 1.331510e+05 1.478071e+05 
2.562799e-02 1.324555e+05 1.480933e+05 
2.564720e-02 1.317371e+05 1.483225e+05 
2.566646e-02 1.309847e+05 1.484742e+05 
2.568578e-02 1.301850e+05 1.485272e+05 
2.570516e-02 1.293179e+05 1.484700e+05 
2.572460e-02 1.283715e+05 1.483153e+05 
2.574412e-02 1.273515e+05 1.480576e+05 
2.576368e-02 1.262659e+05 1.477013e+05 
2.578331e-02 1.251218e+05 1.472501e+05 
2.580300e-02 1.239273e+05 1.467004e+05 
2.582276e-02 1.226860e+05 1.460498e+05 
2.584256e-02 1.214009e+05 1.452966e+05 
2.586243e-02 1.200754e+05 1.444297e+05 
2.588236e-02 1.187143e+05 1.434525e+05 
2.590234e-02 1.173218e+05 1.423720e+05 
2.592239e-02 1.159012e+05 1.411878e+05 
2.594251e-02 1.144493e+05 1.399027e+05 
2.596269e-02 1.129674e+05 1.385255e+05 
2.598292e-02 1.114577e+05 1.370746e+05 
2.600322e-02 1.099234e+05 1.355736e+05 
2.602358e-02 1.083673e+05 1.340234e+05 
2.604401e-02 1.067908e+05 1.324233e+05 
2.606451e-02 1.052026e+05 1.307742e+05 
2.608507e-02 1.036078e+05 1.290739e+05 
2.610569e-02 1.020089e+05 1.273196e+05 
2.612638e-02 1.004071e+05 1.255102e+05 
2.614713e-02 9.880666e+04 1.236499e+05 
2.616795e-02 9.721280e+04 1.217448e+05 
2.618883e-02 9.562884e+04 1.198081e+05 
2.620977e-02 9.405458e+04 1.179051e+05 
2.623078e-02 9.249486e+04 1.161240e+05 
2.625186e-02 9.095512e+04 1.145332e+05 
2.627300e-02 8.944258e+04 1.132153e+05 
2.629421e-02 8.796302e+04 1.122000e+05 
2.631549e-02 8.652198e+04 1.115018e+05 
2.633684e-02 8.512500e+04 1.110710e+05 
2.635827e-02 8.377473e+04 1.108479e+05 
2.637976e-02 8.247459e+04 1.109195e+05 
2.640133e-02 8.122338e+04 1.113949e+05 
2.642297e-02 8.001847e+04 1.125357e+05 
2.644469e-02 7.885939e+04 1.144432e+05 
2.646649e-02 7.774598e+04 1.172445e+05 
2.648837e-02 7.667820e+04 1.213425e+05 
2.651032e-02 7.565502e+04 1.272437e+05 
2.653233e-02 7.467542e+04 1.352907e+05 
2.655430e-02 7.374073e+04 1.465425e+05 
2.657626e-02 7.284619e+04 1.612478e+05 
2.659820e-02 7.199047e+04 1.782027e+05 
2.662014e-02 7.117048e+04 1.966023e+05 
2.664208e-02 7.038561e+04 2.135572e+05 
2.666404e-02 6.963061e+04 2.270788e+05 
2.668599e-02 6.890291e+04 2.373255e+05 
2.670796e-02 6.819908e+04 2.445563e+05 
2.672993e-02 6.751452e+04 2.496056e+05 
2.675191e-02 6.684914e+04 2.529532e+05 
2.677390e-02 6.620461e+04 2.550094e+05 
2.679590e-02 6.557909e+04 2.560679e+05 
2.681789e-02 6.497227e+04 2.562983e+05 
2.683989e-02 6.438292e+04 2.559782e+05 
2.686188e-02 6.380894e+04 2.552748e+05 
2.688388e-02 6.324855e+04 2.542206e+05 
2.690586e-02 6.270031e+04 2.527947e+05 
2.692784e-02 6.216266e+04 2.508016e+05 
2.694982e-02 6.163447e+04 2.481643e+05 
2.697179e-02 6.111430e+04 2.448670e+05 
2.699376e-02 6.060066e+04 2.410864e+05 
2.701571e-02 6.009222e+04 2.371515e+05 
2.703766e-02 5.958778e+04 2.333837e+05 
2.705960e-02 5.908559e+04 2.299116e+05 
2.708153e-02 5.858447e+04 2.267785e+05 
2.710347e-02 5.808355e+04 2.238948e+05 
2.712543e-02 5.758253e+04 2.211469e+05 
2.714740e-02 5.708100e+04 2.184169e+05 
2.716940e-02 5.658238e+04 2.156418e+05 
2.719142e-02 5.608716e+04 2.128904e+05 
2.721348e-02 5.559605e+04 2.101543e+05 
2.723559e-02 5.511000e+04 2.074308e+05 
2.725775e-02 5.463009e+04 2.047223e+05 
2.727994e-02 5.415783e+04 2.020133e+05 
2.730218e-02 5.369377e+04 1.992860e+05 
2.732446e-02 5.323808e+04 1.965197e+05 
2.734678e-02 5.279112e+04 1.937129e+05 
2.736914e-02 5.235312e+04 1.908806e+05 
2.739153e-02 5.192384e+04 1.880305e+05 
2.741395e-02 5.150328e+04 1.851852e+05 
2.743640e-02 5.109158e+04 1.823925e+05 
2.745887e-02 5.068867e+04 1.796938e+05 
2.748131e-02 5.029520e+04 1.771099e+05 
2.750369e-02 4.991222e+04 1.746798e+05 
2.752602e-02 4.953678e+04 1.724209e+05 
2.754831e-02 4.916362e+04 1.703342e+05 
2.757058e-02 4.879580e+04 1.684340e+05 
2.759286e-02 4.843981e+04 1.666975e+05 
2.761514e-02 4.811030e+04 1.651224e+05 
2.763739e-02 4.783130e+04 1.637521e+05 
2.765963e-02 4.762397e+04 1.625837e+05 
2.768186e-02 4.749036e+04 1.615752e+05 
2.770412e-02 4.742005e+04 1.606796e+05 
2.772639e-02 4.739002e+04 1.598620e+05 
2.774866e-02 4.737930e+04 1.590337e+05 
2.777095e-02 4.739419e+04 1.581196e+05 
2.779325e-02 4.744025e+04 1.570854e+05 
2.781557e-02 4.754488e+04 1.559289e+05 
2.783790e-02 4.772219e+04 1.546690e+05 
2.786025e-02 4.797248e+04 1.533230e+05 
2.788262e-02 4.830519e+04 1.518886e+05 
2.790501e-02 4.872831e+04 1.503844e+05 
2.792743e-02 4.927233e+04 1.488204e+05 
2.794989e-02 4.996630e+04 1.472222e+05 
2.797240e-02 5.084277e+04 1.456280e+05 
2.799494e-02 5.192969e+04 1.440772e+05 
2.801753e-02 5.326994e+04 1.426155e+05 
2.804017e-02 5.490386e+04 1.412895e+05 
2.806289e-02 5.684678e+04 1.401412e+05 
2.808571e-02 5.921202e+04 1.391930e+05 
2.810861e-02 6.206634e+04 1.384145e+05 
2.813148e-02 6.526802e+04 1.377714e+05 
2.815428e-02 6.864698e+04 1.372891e+05 
2.817703e-02 7.189136e+04 1.369474e+05 
2.819972e-02 7.478097e+04 1.367320e+05 
2.822237e-02 7.725216e+04 1.366301e+05 
2.824498e-02 7.931391e+04 1.366200e+05 
2.826754e-02 8.103947e+04 1.366567e+05 
2.829005e-02 8.247281e+04 1.367034e+05 
2.831252e-02 8.368675e+04 1.366892e+05 
2.833495e-02 8.473303e+04 1.366128e+05 
2.835735e-02 8.565202e+04 1.364491e+05 
2.837974e-02 8.649141e+04 1.361785e+05 
2.840209e-02 8.726797e+04 1.358143e+05 
2.842440e-02 8.803094e+04 1.353777e+05 
2.844670e-02 8.881938e+04 1.348770e+05 
2.846894e-02 8.966127e+04 1.343291e+05 
2.849113e-02 9.060909e+04 1.337578e+05 
2.851329e-02 9.172370e+04 1.331738e+05 
2.853541e-02 9.307419e+04 1.325795e+05 
2.855748e-02 9.471684e+04 1.319646e+05 
2.857952e-02 9.670109e+04 1.313130e+05 
2.860153e-02 9.907588e+04 1.306535e+05 
2.862350e-02 1.018956e+05 1.300058e+05 
2.864544e-02 1.052381e+05 1.293589e+05 
2.866737e-02 1.091986e+05 1.287090e+05 
2.868926e-02 1.137901e+05 1.280764e+05 
2.871112e-02 1.191634e+05 1.274748e+05 
2.873296e-02 1.253777e+05 1.269248e+05 
2.875479e-02 1.319109e+05 1.264285e+05 
2.877659e-02 1.382721e+05 1.260029e+05 
2.879837e-02 1.439116e+05 1.256460e+05 
2.882013e-02 1.482925e+05 1.253627e+05 
2.884189e-02 1.515607e+05 1.251700e+05 
2.886363e-02 1.540172e+05 1.250898e+05 
2.888535e-02 1.559702e+05 1.251598e+05 
2.890706e-02 1.577289e+05 1.254280e+05 
2.892877e-02 1.595104e+05 1.259773e+05 
2.895047e-02 1.613717e+05 1.268916e+05 
2.897217e-02 1.633745e+05 1.282841e+05 
2.899386e-02 1.655825e+05 1.303045e+05 
2.901554e-02 1.680914e+05 1.332300e+05 
2.903722e-02 1.709738e+05 1.373251e+05 
2.905890e-02 1.742531e+05 1.427586e+05 
2.908058e-02 1.778262e+05 1.500705e+05 
2.910226e-02 1.815134e+05 1.593711e+05 
2.912393e-02 1.851460e+05 1.700827e+05 
2.914560e-02 1.886505e+05 1.817745e+05 
2.916727e-02 1.919522e+05 1.934602e+05 
2.918893e-02 1.949562e+05 2.037960e+05 
2.921060e-02 1.976087e+05 2.126232e+05 
2.923227e-02 1.998665e+05 2.197047e+05 
2.925394e-02 2.017025e+05 2.250678e+05 
2.927562e-02 2.032352e+05 2.290565e+05 
2.929729e-02 2.044691e+05 2.316203e+05 
2.931896e-02 2.054737e+05 2.330538e+05 
2.934064e-02 2.062081e+05 2.335940e+05 
2.936231e-02 2.065513e+05 2.336008e+05 
2.938400e-02 2.063663e+05 2.332741e+05 
2.940569e-02 2.053264e+05 2.326672e+05 
2.942738e-02 2.034543e+05 2.317939e+05 
2.944907e-02 2.008061e+05 2.305441e+05 
2.947065e-02 1.976824e+05 2.287981e+05 
2.949217e-02 1.942881e+05 2.266521e+05 
2.951352e-02 1.906778e+05 2.240925e+05 
2.953476e-02 1.868342e+05 2.210421e+05 
2.955594e-02 1.827013e+05 2.176060e+05 
2.957709e-02 1.783794e+05 2.138607e+05 
2.959824e-02 1.740307e+05 2.099624e+05 
2.961943e-02 1.698852e+05 2.062340e+05 
2.964064e-02 1.660216e+05 2.026794e+05 
2.966187e-02 1.624963e+05 1.993077e+05 
2.968306e-02 1.593142e+05 1.961503e+05 
2.970405e-02 1.564201e+05 1.931620e+05 
2.972494e-02 1.537756e+05 1.903566e+05 
2.974579e-02 1.513503e+05 1.877367e+05 
2.976656e-02 1.491222e+05 1.853101e+05 
2.978731e-02 1.470561e+05 1.830681e+05 
2.980805e-02 1.451304e+05 1.809999e+05 
2.982879e-02 1.433324e+05 1.791072e+05 
2.984951e-02 1.416528e+05 1.773717e+05 
2.987025e-02 1.400881e+05 1.757566e+05 
2.989102e-02 1.386232e+05 1.742319e+05 
2.991181e-02 1.372451e+05 1.727848e+05 
2.993260e-02 1.359450e+05 1.714138e+05 
2.995338e-02 1.347150e+05 1.701168e+05 
2.997418e-02 1.335492e+05 1.688931e+05 
2.999501e-02 1.324547e+05 1.677463e+05 
3.001585e-02 1.314352e+05 1.666703e+05 
3.003671e-02 1.304885e+05 1.656604e+05 
3.005758e-02 1.296072e+05 1.647077e+05 
3.007846e-02 1.287840e+05 1.638147e+05 
3.009932e-02 1.280218e+05 1.629695e+05 
3.012017e-02 1.273329e+05 1.621735e+05 
3.014102e-02 1.267185e+05 1.614327e+05 
3.016183e-02 1.261630e+05 1.607046e+05 
3.018261e-02 1.256419e+05 1.599686e+05 
3.020337e-02 1.251106e+05 1.592315e+05 
3.022409e-02 1.245217e+05 1.585128e+05 
3.024478e-02 1.238458e+05 1.578296e+05 
3.026544e-02 1.230830e+05 1.571785e+05 
3.028608e-02 1.222637e+05 1.565783e+05 
3.030669e-02 1.214223e+05 1.560457e+05 
3.032727e-02 1.205629e+05 1.555993e+05 
3.034783e-02 1.196765e+05 1.552836e+05 
3.036836e-02 1.187521e+05 1.550634e+05 
3.038886e-02 1.177801e+05 1.548722e+05 
3.040935e-02 1.167689e+05 1.546584e+05 
3.042980e-02 1.157280e+05 1.543184e+05 
3.045023e-02 1.146623e+05 1.538171e+05 
3.047065e-02 1.135936e+05 1.531420e+05 
3.049105e-02 1.125528e+05 1.523170e+05 
3.051143e-02 1.115777e+05 1.513765e+05 
3.053179e-02 1.106707e+05 1.503485e+05 
3.055215e-02 1.098112e+05 1.492570e+05 
3.057250e-02 1.089934e+05 1.481456e+05 
3.059284e-02 1.082113e+05 1.470455e+05 
3.061318e-02 1.074547e+05 1.459574e+05 
3.063352e-02 1.067291e+05 1.448574e+05 
3.065387e-02 1.060268e+05 1.437377e+05 
3.067421e-02 1.053549e+05 1.426397e+05 
3.069455e-02 1.047304e+05 1.415939e+05 
3.071489e-02 1.041772e+05 1.406109e+05 
3.073523e-02 1.037494e+05 1.397179e+05 
3.075557e-02 1.034692e+05 1.389685e+05 
3.077592e-02 1.033099e+05 1.383651e+05 
3.079628e-02 1.032066e+05 1.378776e+05 
3.081663e-02 1.031808e+05 1.374962e+05 
3.083699e-02 1.032938e+05 1.372700e+05 
3.085735e-02 1.035344e+05 1.371936e+05 
3.087771e-02 1.038997e+05 1.372495e+05 
3.089807e-02 1.044183e+05 1.374162e+05 
3.091842e-02 1.051288e+05 1.376843e+05 
3.093878e-02 1.060320e+05 1.380263e+05 
3.095913e-02 1.071707e+05 1.383744e+05 
3.097947e-02 1.084061e+05 1.386870e+05 
3.099982e-02 1.095635e+05 1.389577e+05 
3.102018e-02 1.105504e+05 1.391480e+05 
3.104054e-02 1.113658e+05 1.392032e+05 
3.106090e-02 1.120407e+05 1.390882e+05 
3.108127e-02 1.125980e+05 1.387786e+05 
3.110166e-02 1.130723e+05 1.382942e+05 
3.112205e-02 1.134870e+05 1.376686e+05 
3.114244e-02 1.138490e+05 1.369359e+05 
3.116282e-02 1.142032e+05 1.360788e+05 
3.118321e-02 1.145952e+05 1.350796e+05 
3.120361e-02 1.150647e+05 1.339731e+05 
3.122402e-02 1.156190e+05 1.327827e+05 
3.124444e-02 1.162406e+05 1.315108e+05 
3.126488e-02 1.169448e+05 1.301786e+05 
3.128533e-02 1.177585e+05 1.287908e+05 
3.130579e-02 1.186794e+05 1.273498e+05 
3.132628e-02 1.197229e+05 1.258553e+05 
3.134679e-02 1.209489e+05 1.243270e+05 
3.136725e-02 1.222759e+05 1.227918e+05 
3.138765e-02 1.236611e+05 1.212592e+05 
3.140799e-02 1.250896e+05 1.197289e+05 
3.142828e-02 1.264204e+05 1.182130e+05 
3.144852e-02 1.276172e+05 1.167304e+05 
3.146870e-02 1.286283e+05 1.152958e+05 
3.148884e-02 1.294332e+05 1.139182e+05 
3.150894e-02 1.300328e+05 1.126086e+05 
3.152903e-02 1.304550e+05 1.113582e+05 
3.154908e-02 1.307197e+05 1.101602e+05 
3.156912e-02 1.308578e+05 1.090066e+05 
3.158916e-02 1.309017e+05 1.078916e+05 
3.160918e-02 1.308699e+05 1.068092e+05 
3.162922e-02 1.307782e+05 1.057525e+05 
3.164928e-02 1.306299e+05 1.047155e+05 
3.166936e-02 1.304178e+05 1.036938e+05 
3.168949e-02 1.301439e+05 1.026824e+05 
3.170967e-02 1.298132e+05 1.016777e+05 
3.172993e-02 1.294285e+05 1.006761e+05 
3.175028e-02 1.289955e+05 9.967550e+04 
3.177074e-02 1.285130e+05 9.867466e+04 
3.179129e-02 1.279821e+05 9.767305e+04 
3.181195e-02 1.274212e+05 9.667081e+04 
3.183269e-02 1.268384e+05 9.566330e+04 
3.185352e-02 1.262401e+05 9.464623e+04 
3.187444e-02 1.256143e+05 9.361614e+04 
3.189545e-02 1.249999e+05 9.257034e+04 
3.191656e-02 1.244592e+05 9.150992e+04 
3.193775e-02 1.240012e+05 9.043583e+04 
3.195903e-02 1.236252e+05 8.934795e+04 
3.198040e-02 1.233402e+05 8.826006e+04 
3.200188e-02 1.231541e+05 8.719236e+04 
3.202347e-02 1.230313e+05 8.617520e+04 
3.204517e-02 1.230085e+05 8.522728e+04 
3.206678e-02 1.231110e+05 8.436828e+04 
3.208830e-02 1.233621e+05 8.360052e+04 
3.210975e-02 1.238150e+05 8.292400e+04 
3.213120e-02 1.245894e+05 8.231969e+04 
3.215259e-02 1.258607e+05 8.177338e+04 
